0 300 300
1 301 202
2 296 203
3 299 208
4 301 211
5 311 216
6 326 210
7 334 208
8 343 213
9 344 211
10 347 209
11 344 217
12 357 216
13 364 219
14 367 223
15 372 224
16 367 227
17 373 230
18 383 230
19 401 233
20 406 240
21 410 244
22 413 247
23 423 247
24 432 249
25 430 252
26 436 257
27 442 264
28 453 275
29 450 278
30 438 284
31 430 298
32 423 298
33 415 304
34 410 307
35 404 311
36 405 310
37 403 313
38 381 318
39 369 323
40 356 316
41 354 323
42 355 324
43 363 326
44 354 332
45 353 337
46 348 342
47 337 343
48 335 345
49 345 340
50 327 343
51 320 341
52 290 341
53 290 342
54 282 343
55 280 337
56 288 335
57 292 334
58 284 335
59 276 338
60 277 336
61 273 337
62 275 332
63 270 334
64 270 332
65 260 341
66 256 341
67 253 343
68 255 340
69 256 337
70 255 334
71 254 338
72 245 337
73 227 333
74 227 332
75 218 332
76 215 330
77 212 331
78 204 334
79 207 333
80 201 329
81 198 329
82 193 325
83 191 316
84 190 320
85 187 316
86 181 313
87 180 311
88 179 306
89 179 304
90 178 301
91 175 299
92 172 293
93 171 290
94 172 294
95 176 296
96 182 293
97 178 296
98 175 292
99 170 290
100 167 283
101 168 281
102 171 283
103 160 279
104 156 274
105 163 273
106 162 269
107 159 264
108 154 262
109 154 260
110 156 256
111 160 248
112 162 247
113 160 244
114 155 246
115 157 248
116 160 245
117 170 244
118 170 244
119 165 245
120 162 243
121 166 241
122 171 239
123 166 237
124 164 233
125 166 231
126 163 226
127 167 224
128 164 220
129 165 219
130 172 213
131 176 211
132 185 208
133 191 198
134 210 192
135 209 194
136 221 193
137 230 194
138 237 191
139 239 187
140 243 188
141 253 192
142 260 191
143 269 195
144 275 194
145 288 199
146 282 201
147 295 201
148 289 197
149 296 197
150 298 201
151 286 208
152 289 208
153 287 211
154 290 212
155 295 215
156 306 211
157 307 216
158 303 212
159 303 206
160 306 203
161 308 203
162 308 205
163 308 205
164 318 201
165 319 203
166 334 209
167 342 217
168 342 227
169 340 227
170 350 230
171 351 231
172 356 232
173 352 237
174 355 239
175 364 240
176 357 241
177 362 246
178 382 245
179 380 256
180 377 255
181 381 256
182 383 262
183 389 266
184 389 268
185 398 273
186 393 277
187 385 282
188 391 287
189 381 288
190 378 289
191 378 290
192 381 288
193 383 295
194 371 296
195 371 306
196 367 301
197 369 303
198 367 302
199 371 304
200 360 309
201 361 310
202 355 313
203 356 321
204 349 327
205 343 331
206 338 330
207 341 333
208 332 331
209 336 327
210 323 330
211 327 326
212 327 333
213 324 342
214 313 339
215 302 336
216 296 336
217 291 338
218 287 347
219 297 349
220 280 349
221 279 345
222 275 344
223 275 339
224 273 341
225 280 341
226 273 336
227 261 342
228 255 341
229 259 336
230 265 334
231 254 335
232 242 339
233 244 337
234 241 335
235 228 332
236 214 332
237 204 328
238 200 330
239 192 331
240 197 325
241 199 324
242 188 323
243 182 323
244 178 319
245 178 316
246 183 317
247 175 319
248 169 323
249 158 325
250 149 324
251 142 323
252 141 319
253 136 312
254 136 308
255 128 305
256 123 304
257 120 302
258 119 302
259 115 297
260 109 295
261 113 289
262 113 285
263 109 279
264 114 283
265 116 284
266 111 280
267 103 271
268 101 268
269 100 263
270 100 265
271 101 265
272 103 262
273 101 261
274 100 258
275 100 256
276 97 254
277 95 253
278 100 251
279 99 248
280 103 246
281 103 242
282 100 237
283 98 235
284 98 238
285 102 239
286 107 239
287 112 236
288 111 234
289 118 232
290 117 230
291 119 229
292 121 227
293 122 227
294 118 222
295 126 222
296 125 222
297 125 222
298 122 218
299 129 218
300 132 216
301 132 213
302 137 209
303 136 204
304 138 202
305 142 200
306 152 200
307 146 198
308 145 195
309 160 193
310 166 186
311 166 184
312 168 186
313 178 187
314 184 186
315 186 185
316 181 186
317 182 185
318 182 189
319 189 186
320 194 189
321 199 188
322 196 185
323 201 180
324 199 181
325 198 179
326 204 177
327 212 180
328 219 184
329 224 188
330 219 187
331 227 192
332 227 191
333 232 189
334 242 188
335 243 191
336 256 189
337 257 190
338 263 190
339 260 189
340 265 192
341 278 191
342 277 195
343 275 196
344 274 195
345 293 193
346 304 196
347 305 201
348 303 204
349 300 206
350 306 209
351 313 214
352 324 211
353 331 217
354 337 220
355 348 227
356 350 229
357 339 226
358 331 228
359 337 223
360 349 223
361 359 229
362 344 237
363 348 242
364 356 247
365 357 248
366 360 250
367 368 251
368 367 256
369 378 253
370 383 250
371 386 254
372 382 249
373 382 251
374 386 246
375 389 253
376 392 250
377 398 256
378 403 259
379 400 263
380 399 267
381 402 268
382 406 280
383 405 282
384 405 283
385 412 280
386 411 281
387 416 281
388 420 288
389 420 289
390 423 289
391 424 286
392 415 291
393 407 292
394 384 298
395 364 300
396 359 303
397 343 302
398 334 305
399 336 302
400 335 304
401 327 307
402 313 316
403 307 320
404 291 327
405 285 331
406 269 329
407 268 330
408 264 325
409 258 322
410 255 318
411 246 323
412 237 323
413 239 323
414 225 323
415 218 325
416 210 324
417 207 323
418 205 321
419 201 318
420 203 318
421 186 313
422 179 313
423 171 307
424 168 305
425 162 305
426 170 299
427 170 293
428 161 292
429 159 289
430 165 287
431 159 284
432 156 283
433 160 281
434 158 280
435 164 278
436 165 272
437 169 271
438 173 271
439 168 270
440 179 272
441 179 270
442 177 267
443 172 263
444 179 257
445 188 253
446 192 247
447 201 242
448 203 238
449 202 234
450 206 233
451 212 231
452 213 233
453 210 234
454 210 232
455 210 231
456 228 225
457 229 223
458 227 219
459 233 217
460 237 226
461 242 224
462 239 231
463 250 230
464 249 229
465 249 227
466 242 227
467 231 226
468 237 223
469 240 224
470 242 222
471 250 221
472 258 219
473 273 222
474 285 220
475 291 224
476 288 222
477 290 220
478 287 220
479 294 219
480 302 213
481 302 214
482 300 214
483 310 212
484 320 213
485 326 211
486 339 212
487 345 213
488 345 210
489 365 213
490 370 217
491 387 220
492 388 216
493 382 218
494 396 221
495 415 225
496 401 230
497 400 235
498 402 237
499 430 240
500 436 244
501 445 243
502 451 244
503 457 245
504 472 246
505 480 252
506 473 256
507 477 259
508 483 260
509 484 265
510 477 267
511 466 274
512 460 279
513 470 286
514 460 287
515 454 289
516 439 302
517 424 309
518 411 310
519 404 316
520 404 321
521 393 335
522 380 340
523 364 347
524 348 344
525 329 346
526 342 352
527 327 350
528 330 351
529 325 353
530 323 355
531 314 354
532 301 350
533 294 357
534 294 358
535 298 358
536 287 357
537 281 354
538 281 353
539 281 356
540 273 357
541 269 355
542 263 350
543 257 355
544 243 353
545 243 347
546 241 347
547 246 346
548 239 346
549 235 345
550 236 351
551 228 354
552 228 361
553 229 363
554 228 358
555 228 359
556 224 359
557 222 362
558 223 360
559 228 359
560 214 363
561 210 360
562 200 358
563 196 354
564 189 356
565 184 354
566 190 352
567 188 354
568 190 349
569 191 343
570 189 341
571 188 339
572 194 339
573 185 343
574 188 338
575 179 341
576 172 340
577 168 340
578 172 333
579 165 326
580 159 325
581 152 323
582 151 319
583 152 320
584 142 320
585 146 312
586 147 310
587 146 310
588 150 303
589 151 298
590 146 297
591 143 295
592 144 291
593 130 289
594 137 284
595 144 284
596 141 283
597 137 283
598 131 274
599 127 273
600 130 274
601 125 274
602 116 271
603 114 270
604 112 266
605 111 260
606 107 251
607 100 247
608 105 240
609 107 241
610 110 238
611 107 231
612 102 228
613 105 224
614 106 222
615 101 222
616 102 222
617 104 222
618 108 217
619 110 213
620 104 211
621 107 208
622 106 209
623 108 213
624 108 207
625 108 205
626 109 202
627 114 199
628 121 199
629 128 199
630 130 198
631 139 189
632 138 187
633 144 187
634 147 184
635 149 184
636 143 181
637 147 180
638 150 177
639 150 177
640 153 178
641 151 181
642 151 180
643 154 180
644 157 179
645 166 172
646 169 171
647 168 168
648 168 168
649 169 165
650 171 165
651 172 164
652 167 164
653 178 162
654 187 161
655 190 161
656 196 156
657 199 155
658 214 155
659 209 155
660 212 157
661 213 155
662 218 156
663 224 156
664 228 158
665 239 160
666 246 159
667 254 160
668 263 163
669 267 166
670 274 165
671 289 168
672 299 167
673 304 167
674 294 173
675 301 176
676 305 177
677 309 176
678 319 177
679 318 176
680 320 174
681 329 177
682 342 175
683 352 181
684 344 179
685 348 177
686 360 178
687 365 181
688 364 189
689 368 193
690 365 196
691 374 201
692 368 203
693 373 210
694 379 221
695 382 223
696 386 226
697 379 230
698 382 237
699 383 236
700 384 244
701 386 253
702 402 266
703 402 273
704 385 273
705 391 285
706 389 288
707 392 290
708 391 291
709 377 300
710 369 310
711 352 315
712 356 313
713 354 315
714 344 318
715 333 326
716 322 331
717 324 329
718 320 327
719 318 332
720 309 334
721 294 333
722 296 328
723 298 327
724 302 324
725 302 327
726 303 323
727 309 323
728 325 319
729 314 321
730 300 326
731 290 329
732 286 331
733 286 332
734 273 332
735 265 329
736 272 329
737 278 323
738 281 329
739 279 323
740 281 319
741 276 315
742 282 312
743 285 312
744 294 309
745 299 309
746 295 307
747 291 309
748 293 312
749 293 319
750 296 323
751 303 322
752 295 324
753 292 329
754 278 332
755 278 333
756 262 337
757 240 337
758 234 333
759 218 328
760 227 323
761 219 324
762 216 324
763 214 316
764 213 319
765 202 320
766 200 320
767 199 316
768 189 321
769 188 319
770 178 319
771 171 316
772 163 312
773 152 312
774 147 310
775 147 314
776 139 313
777 140 306
778 131 301
779 138 299
780 137 297
781 136 295
782 148 292
783 150 288
784 151 285
785 142 283
786 144 275
787 148 275
788 142 275
789 138 270
790 136 272
791 136 269
792 139 267
793 140 271
794 146 265
795 154 260
796 159 261
797 159 261
798 161 260
799 155 259
800 154 259
801 157 255
802 160 255
803 163 257
804 168 254
805 163 255
806 162 257
807 166 256
808 170 257
809 161 253
810 155 248
811 157 247
812 156 243
813 152 240
814 145 239
815 145 241
816 147 240
817 151 239
818 155 238
819 164 237
820 171 235
821 177 235
822 190 232
823 189 229
824 192 230
825 200 225
826 199 226
827 212 230
828 219 228
829 230 228
830 229 230
831 233 225
832 238 229
833 237 223
834 240 223
835 244 222
836 253 221
837 262 219
838 267 221
839 263 214
840 268 214
841 265 215
842 258 212
843 254 212
844 264 208
845 266 214
846 270 215
847 285 218
848 288 224
849 287 227
850 294 227
851 290 234
852 292 233
853 293 235
854 290 240
855 278 246
856 277 246
857 276 251
858 284 254
859 281 254
860 280 258
861 275 258
862 271 266
863 270 267
864 282 267
865 289 268
866 287 270
867 287 268
868 297 273
869 294 275
870 308 276
871 306 274
872 300 280
873 301 281
874 301 282
875 311 287
876 320 290
877 311 290
878 319 290
879 341 290
880 344 285
881 343 285
882 358 289
883 365 291
884 362 295
885 369 298
886 365 292
887 351 293
888 362 296
889 358 297
890 342 299
891 337 306
892 333 301
893 331 294
894 325 297
895 327 302
896 320 303
897 310 307
898 302 310
899 298 313
900 302 315
901 296 308
902 301 314
903 294 316
904 278 317
905 271 314
906 276 309
907 272 320
908 263 322
909 268 319
910 266 320
911 280 320
912 270 331
913 276 331
914 269 336
915 263 336
916 249 333
917 248 331
918 241 326
919 241 323
920 250 322
921 254 315
922 262 316
923 254 322
924 248 318
925 239 321
926 234 321
927 234 323
928 234 322
929 232 327
930 237 329
931 242 326
932 237 327
933 242 330
934 241 326
935 242 325
936 233 326
937 231 326
938 238 323
939 232 324
940 235 328
941 228 330
942 230 332
943 221 328
944 214 327
945 199 326
946 196 326
947 194 322
948 192 322
949 181 321
950 176 318
951 164 325
952 167 323
953 165 326
954 162 328
955 168 324
956 163 319
957 163 314
958 162 315
959 156 314
960 154 313
961 152 309
962 151 305
963 144 297
964 145 286
965 148 285
966 148 283
967 147 280
968 138 277
969 134 274
970 133 270
971 130 275
972 124 277
973 118 275
974 113 276
975 106 273
976 105 270
977 106 266
978 105 260
979 104 259
980 105 251
981 104 243
982 102 241
983 107 244
984 110 247
985 111 241
986 107 239
987 101 237
988 106 234
989 104 233
990 105 226
991 103 220
992 106 216
993 103 214
994 101 210
995 102 209
996 105 206
997 108 199
998 102 200
999 104 191
1000 101 193
1001 107 192
1002 109 192
1003 112 190
1004 118 188
1005 123 185
1006 127 188
1007 127 187
1008 127 186
1009 134 182
1010 137 178
1011 145 179
1012 151 178
1013 157 177
1014 165 175
1015 162 174
1016 172 175
1017 177 172
1018 182 172
1019 181 174
1020 191 172
1021 204 174
1022 213 172
1023 206 173
1024 209 173
1025 216 168
1026 221 168
1027 232 167
1028 237 170
1029 235 168
1030 240 169
1031 242 169
1032 240 165
1033 254 168
1034 267 173
1035 283 172
1036 298 169
1037 314 162
1038 314 158
1039 321 162
1040 341 162
1041 351 164
1042 363 166
1043 376 169
1044 384 171
1045 394 170
1046 395 171
1047 400 170
1048 417 172
1049 426 178
1050 439 174
1051 451 176
1052 459 181
1053 468 182
1054 469 188
1055 475 198
1056 475 208
1057 478 216
1058 474 218
1059 482 220
1060 489 223
1061 479 225
1062 480 228
1063 474 231
1064 479 238
1065 488 244
1066 485 252
1067 483 254
1068 464 253
1069 478 256
1070 470 268
1071 469 272
1072 468 276
1073 466 288
1074 460 289
1075 460 292
1076 451 295
1077 441 305
1078 428 312
1079 421 318
1080 414 319
1081 421 322
1082 402 325
1083 383 323
1084 376 323
1085 377 325
1086 380 331
1087 383 335
1088 367 343
1089 353 344
1090 340 345
1091 336 342
1092 332 343
1093 329 346
1094 322 343
1095 318 339
1096 319 340
1097 314 332
1098 310 331
1099 306 335
1100 297 340
1101 297 344
1102 296 349
1103 294 353
1104 296 355
1105 301 357
1106 287 365
1107 278 356
1108 277 351
1109 277 345
1110 273 352
1111 257 353
1112 262 350
1113 255 345
1114 246 345
1115 249 342
1116 245 344
1117 245 343
1118 253 345
1119 241 343
1120 253 342
1121 252 335
1122 247 328
1123 252 321
1124 244 319
1125 249 312
1126 262 312
1127 261 308
1128 259 307
1129 266 304
1130 266 296
1131 271 299
1132 265 295
1133 263 293
1134 266 296
1135 267 288
1136 265 284
1137 264 282
1138 275 284
1139 268 283
1140 272 284
1141 269 287
1142 254 287
1143 247 292
1144 242 291
1145 240 291
1146 232 294
1147 225 295
1148 214 289
1149 202 290
1150 194 292
1151 187 292
1152 193 290
1153 195 284
1154 186 285
1155 179 289
1156 177 285
1157 172 288
1158 168 284
1159 167 280
1160 174 281
1161 178 282
1162 185 285
1163 175 289
1164 162 284
1165 167 286
1166 149 285
1167 146 281
1168 148 278
1169 144 274
1170 149 268
1171 149 266
1172 147 268
1173 140 259
1174 139 255
1175 133 255
1176 136 254
1177 136 255
1178 131 256
1179 135 261
1180 131 259
1181 135 257
1182 132 253
1183 132 251
1184 126 248
1185 126 248
1186 118 247
1187 121 240
1188 117 238
1189 123 234
1190 123 234
1191 122 235
1192 123 232
1193 122 228
1194 119 226
1195 121 221
1196 121 216
1197 125 213
1198 133 206
1199 134 204
1200 133 203
1201 135 199
1202 140 197
1203 144 189
1204 147 185
1205 156 181
1206 158 177
1207 168 175
1208 173 178
1209 175 178
1210 184 174
1211 193 171
1212 206 169
1213 209 171
1214 213 168
1215 231 163
1216 236 164
1217 239 161
1218 251 160
1219 259 161
1220 264 158
1221 283 159
1222 297 158
1223 298 160
1224 306 165
1225 306 171
1226 311 171
1227 308 176
1228 313 184
1229 323 185
1230 325 183
1231 336 185
1232 343 191
1233 358 192
1234 359 196
1235 365 196
1236 379 200
1237 385 202
1238 392 202
1239 394 205
1240 404 200
1241 403 198
1242 415 199
1243 419 202
1244 427 209
1245 435 212
1246 443 217
1247 456 217
1248 465 218
1249 482 220
1250 491 219
1251 499 222
1252 533 231
1253 536 231
1254 538 239
1255 548 245
1256 557 242
1257 565 248
1258 564 251
1259 557 258
1260 555 257
1261 558 270
1262 567 280
1263 560 291
1264 564 298
1265 574 303
1266 570 309
1267 565 313
1268 561 334
1269 548 336
1270 537 343
1271 509 351
1272 506 365
1273 511 372
1274 508 379
1275 503 395
1276 503 405
1277 469 418
1278 450 426
1279 430 431
1280 409 429
1281 401 429
1282 386 432
1283 370 432
1284 364 436
1285 350 444
1286 340 448
1287 331 457
1288 328 457
1289 318 468
1290 302 473
1291 293 470
1292 274 475
1293 257 479
1294 245 474
1295 240 471
1296 232 462
1297 225 462
1298 221 459
1299 210 459
1300 199 457
1301 186 456
1302 186 447
1303 180 444
1304 166 446
1305 163 445
1306 160 440
1307 159 441
1308 155 442
1309 156 438
1310 140 435
1311 137 434
1312 142 432
1313 136 429
1314 135 417
1315 131 417
1316 126 417
1317 120 410
1318 120 408
1319 114 412
1320 106 407
1321 99 404
1322 91 399
1323 87 396
1324 81 391
1325 80 383
1326 75 379
1327 67 375
1328 68 370
1329 69 360
1330 67 352
1331 59 346
1332 60 342
1333 63 335
1334 61 329
1335 62 324
1336 63 318
1337 64 311
1338 63 306
1339 62 302
1340 66 297
1341 70 296
1342 66 294
1343 67 291
1344 74 283
1345 76 275
1346 74 271
1347 72 267
1348 75 263
1349 71 260
1350 71 252
1351 73 248
1352 73 247
1353 74 245
1354 73 245
1355 71 240
1356 69 240
1357 79 239
1358 79 237
1359 82 237
1360 83 232
1361 83 230
1362 82 227
1363 81 225
1364 82 223
1365 79 217
1366 82 213
1367 81 209
1368 83 211
1369 86 207
1370 81 202
1371 78 201
1372 84 198
1373 86 196
1374 87 191
1375 92 187
1376 95 187
1377 96 183
1378 97 183
1379 98 177
1380 98 176
1381 99 173
1382 102 171
1383 109 162
1384 107 159
1385 103 157
1386 105 158
1387 104 155
1388 110 153
1389 116 150
1390 114 151
1391 119 149
1392 119 147
1393 132 149
1394 135 151
1395 142 149
1396 157 145
1397 155 142
1398 157 146
1399 156 147
1400 155 147
1401 154 149
1402 151 151
1403 151 150
1404 150 151
1405 152 150
1406 150 147
1407 144 149
1408 144 148
1409 146 147
1410 149 146
1411 151 145
1412 151 140
1413 157 138
1414 165 139
1415 164 138
1416 172 138
1417 185 139
1418 204 136
1419 209 137
1420 211 137
1421 220 137
1422 224 133
1423 231 134
1424 236 132
1425 251 131
1426 264 126
1427 273 128
1428 285 131
1429 290 131
1430 305 134
1431 315 133
1432 318 132
1433 326 129
1434 333 130
1435 341 132
1436 353 132
1437 368 134
1438 375 135
1439 394 139
1440 410 139
1441 419 144
1442 422 146
1443 432 145
1444 443 144
1445 456 143
1446 458 145
1447 468 144
1448 485 150
1449 488 156
1450 492 162
1451 501 167
1452 499 178
1453 496 182
1454 507 188
1455 509 198
1456 501 207
1457 503 216
1458 498 229
1459 507 247
1460 488 257
1461 487 263
1462 488 274
1463 483 286
1464 476 293
1465 473 300
1466 451 315
1467 448 327
1468 446 329
1469 438 331
1470 418 328
1471 419 332
1472 412 338
1473 404 338
1474 409 340
1475 410 344
1476 417 348
1477 423 361
1478 414 367
1479 410 375
1480 407 377
1481 394 379
1482 382 383
1483 388 381
1484 386 384
1485 389 384
1486 384 382
1487 368 384
1488 364 386
1489 360 389
1490 341 397
1491 329 397
1492 323 401
1493 305 402
1494 299 397
1495 300 400
1496 285 403
1497 280 403
1498 267 401
1499 258 400
1500 252 405
1501 238 404
1502 231 404
1503 221 403
1504 213 403
1505 201 401
1506 203 401
1507 197 396
1508 208 393
1509 199 387
1510 196 386
1511 193 382
1512 187 379
1513 184 380
1514 188 385
1515 187 380
1516 182 376
1517 179 372
1518 184 370
1519 177 373
1520 171 371
1521 169 365
1522 170 368
1523 167 368
1524 163 367
1525 162 364
1526 158 358
1527 156 352
1528 156 346
1529 155 340
1530 162 336
1531 162 337
1532 167 338
1533 167 334
1534 168 334
1535 169 329
1536 166 327
1537 170 323
1538 161 324
1539 164 323
1540 169 324
1541 167 322
1542 170 322
1543 165 323
1544 163 327
1545 162 319
1546 166 315
1547 160 316
1548 154 317
1549 147 319
1550 142 313
1551 135 311
1552 131 304
1553 126 305
1554 127 302
1555 122 299
1556 121 294
1557 114 289
1558 111 283
1559 113 277
1560 108 280
1561 108 278
1562 106 273
1563 107 275
1564 104 268
1565 106 264
1566 101 263
1567 103 262
1568 98 258
1569 95 251
1570 94 245
1571 91 244
1572 91 241
1573 84 244
1574 84 240
1575 80 233
1576 76 228
1577 73 221
1578 73 220
1579 66 221
1580 68 219
1581 69 217
1582 73 213
1583 74 209
1584 77 209
1585 79 208
1586 81 206
1587 78 202
1588 82 200
1589 83 198
1590 88 195
1591 96 189
1592 104 185
1593 109 182
1594 107 181
1595 108 183
1596 110 180
1597 108 177
1598 109 179
1599 116 177
1600 115 174
1601 110 177
1602 111 174
1603 106 177
1604 113 171
1605 120 169
1606 127 167
1607 129 164
1608 140 163
1609 144 162
1610 153 162
1611 158 162
1612 154 162
1613 163 162
1614 164 161
1615 163 159
1616 165 156
1617 166 153
1618 171 151
1619 177 148
1620 179 147
1621 181 144
1622 189 143
1623 193 148
1624 196 150
1625 205 150
1626 210 152
1627 213 151
1628 219 151
1629 223 153
1630 237 151
1631 243 150
1632 252 148
1633 258 143
1634 268 145
1635 277 146
1636 285 153
1637 290 150
1638 302 146
1639 307 147
1640 315 148
1641 314 151
1642 327 154
1643 336 151
1644 350 147
1645 359 147
1646 372 149
1647 380 153
1648 395 152
1649 420 153
1650 441 154
1651 459 158
1652 464 164
1653 486 163
1654 515 167
1655 513 166
1656 522 169
1657 534 180
1658 537 185
1659 544 185
1660 578 187
1661 593 192
1662 605 199
1663 634 209
1664 632 220
1665 651 222
1666 651 223
1667 668 224
1668 658 231
1669 665 242
1670 676 239
1671 694 254
1672 675 270
1673 677 286
1674 647 290
1675 627 302
1676 615 316
1677 607 327
1678 605 330
1679 600 340
1680 588 349
1681 591 349
1682 591 361
1683 592 365
1684 591 372
1685 589 378
1686 588 381
1687 571 392
1688 556 398
1689 546 401
1690 529 411
1691 522 411
1692 524 412
1693 512 423
1694 510 427
1695 497 429
1696 508 434
1697 507 434
1698 493 443
1699 502 451
1700 495 451
1701 507 461
1702 499 463
1703 490 471
1704 471 480
1705 469 479
1706 478 478
1707 471 476
1708 452 479
1709 455 483
1710 453 490
1711 439 487
1712 452 487
1713 442 486
1714 439 490
1715 437 488
1716 440 492
1717 433 494
1718 420 499
1719 415 494
1720 410 499
1721 388 499
1722 387 503
1723 375 498
1724 375 497
1725 368 497
1726 356 496
1727 351 500
1728 344 509
1729 334 503
1730 333 504
1731 329 505
1732 314 498
1733 299 499
1734 284 501
1735 269 504
1736 258 502
1737 243 494
1738 239 493
1739 216 492
1740 196 490
1741 176 495
1742 163 499
1743 153 495
1744 144 489
1745 141 477
1746 137 475
1747 120 475
1748 106 472
1749 100 463
1750 100 459
1751 88 452
1752 89 451
1753 83 442
1754 81 442
1755 76 441
1756 73 436
1757 68 429
1758 66 421
1759 65 413
1760 63 412
1761 63 399
1762 61 389
1763 62 382
1764 67 374
1765 68 366
1766 65 362
1767 63 356
1768 65 347
1769 62 341
1770 61 334
1771 57 325
1772 57 321
1773 52 316
1774 59 307
1775 64 300
1776 64 297
1777 61 294
1778 63 291
1779 62 284
1780 67 282
1781 68 283
1782 66 281
1783 65 278
1784 62 272
1785 60 265
1786 63 261
1787 60 262
1788 59 258
1789 63 254
1790 66 249
1791 65 250
1792 70 247
1793 67 244
1794 67 243
1795 70 242
1796 69 239
1797 67 230
1798 67 227
1799 67 220
1800 71 218
1801 71 218
1802 70 214
1803 71 210
1804 70 207
1805 67 204
1806 72 202
1807 77 204
1808 80 201
1809 83 199
1810 80 196
1811 80 195
1812 84 194
1813 83 191
1814 89 189
1815 95 184
1816 100 183
1817 99 179
1818 94 176
1819 95 176
1820 96 174
1821 97 170
1822 99 167
1823 102 166
1824 111 167
1825 121 166
1826 125 166
1827 128 162
1828 131 161
1829 133 159
1830 135 159
1831 135 160
1832 137 153
1833 139 155
1834 136 153
1835 132 151
1836 136 145
1837 137 145
1838 144 145
1839 147 146
1840 158 146
1841 158 144
1842 158 142
1843 165 140
1844 169 135
1845 178 135
1846 178 139
1847 188 137
1848 194 137
1849 202 137
1850 204 136
1851 200 139
1852 206 140
1853 206 142
1854 206 145
1855 212 143
1856 215 148
1857 215 148
1858 207 150
1859 200 149
1860 207 151
1861 220 154
1862 226 159
1863 227 160
1864 235 160
1865 258 160
1866 254 162
1867 261 159
1868 265 161
1869 272 161
1870 281 165
1871 286 167
1872 303 167
1873 319 174
1874 328 173
1875 337 182
1876 333 186
1877 329 188
1878 325 189
1879 325 188
1880 320 193
1881 325 198
1882 319 195
1883 323 199
1884 334 202
1885 334 200
1886 345 203
1887 343 209
1888 353 210
1889 357 216
1890 361 215
1891 365 215
1892 374 216
1893 382 220
1894 380 225
1895 378 228
1896 376 225
1897 386 229
1898 389 235
1899 390 235
1900 385 241
1901 381 241
1902 384 241
1903 402 245
1904 395 247
1905 396 247
1906 398 249
1907 401 252
1908 414 247
1909 417 246
1910 426 254
1911 427 253
1912 437 260
1913 444 259
1914 452 258
1915 472 260
1916 483 267
1917 478 277
1918 483 285
1919 491 286
1920 481 292
1921 500 295
1922 494 299
1923 497 298
1924 508 307
1925 494 313
1926 493 316
1927 487 318
1928 490 322
1929 496 330
1930 497 336
1931 496 338
1932 484 347
1933 479 351
1934 470 356
1935 468 361
1936 461 364
1937 451 363
1938 456 369
1939 439 373
1940 438 375
1941 448 371
1942 438 379
1943 431 380
1944 436 383
1945 442 390
1946 414 392
1947 419 389
1948 412 386
1949 414 383
1950 413 388
1951 409 385
1952 406 389
1953 402 386
1954 405 391
1955 394 387
1956 382 394
1957 364 401
1958 358 396
1959 350 397
1960 344 400
1961 336 402
1962 329 409
1963 307 418
1964 288 415
1965 277 425
1966 260 431
1967 248 436
1968 226 447
1969 200 448
1970 191 458
1971 183 454
1972 175 452
1973 158 450
1974 139 454
1975 122 449
1976 118 443
1977 114 437
1978 106 427
1979 88 431
1980 76 421
1981 79 416
1982 81 410
1983 76 404
1984 74 398
1985 72 396
1986 69 390
1987 67 385
1988 57 372
1989 53 371
1990 50 365
1991 52 361
1992 54 357
1993 56 353
1994 54 350
1995 50 343
1996 52 336
1997 47 333
1998 49 327
1999 51 322
2000 55 321
2001 53 318
2002 56 312
2003 52 309
2004 49 299
2005 52 295
2006 50 289
2007 49 283
2008 50 278
2009 48 275
2010 49 273
2011 48 268
2012 44 265
2013 46 262
2014 49 258
2015 49 252
2016 56 249
2017 56 243
2018 55 240
2019 60 234
2020 60 232
2021 58 230
2022 60 221
2023 66 217
2024 67 213
2025 67 211
2026 72 207
2027 76 204
2028 78 202
2029 79 200
2030 83 201
2031 81 200
2032 81 197
2033 86 194
2034 95 194
2035 97 193
2036 92 189
2037 95 186
2038 94 188
2039 97 184
2040 94 180
2041 91 180
2042 97 178
2043 102 176
2044 102 176
2045 105 174
2046 107 173
2047 105 171
2048 105 168
2049 105 164
2050 105 163
2051 105 161
2052 100 162
2053 107 161
2054 105 160
2055 112 160
2056 112 156
2057 117 156
2058 113 159
2059 123 156
2060 119 154
2061 117 151
2062 118 150
2063 119 149
2064 125 148
2065 130 148
2066 134 151
2067 135 151
2068 137 152
2069 139 151
2070 140 149
2071 142 147
2072 149 146
2073 151 147
2074 153 147
2075 162 148
2076 163 150
2077 167 147
2078 170 148
2079 166 149
2080 166 142
2081 160 142
2082 166 139
2083 172 139
2084 182 140
2085 189 137
2086 192 137
2087 196 138
2088 206 138
2089 210 136
2090 213 138
2091 216 139
2092 219 140
2093 216 144
2094 220 148
2095 222 152
2096 223 150
2097 229 151
2098 237 153
2099 232 155
2100 231 156
2101 231 163
2102 230 164
2103 230 169
2104 220 176
2105 220 176
2106 211 179
2107 206 188
2108 207 187
2109 201 191
2110 200 192
2111 189 198
2112 190 199
2113 185 205
2114 181 203
2115 181 201
2116 175 194
2117 175 190
2118 175 193
2119 179 190
2120 177 189
2121 182 186
2122 182 187
2123 179 184
2124 182 179
2125 186 179
2126 194 182
2127 201 181
2128 206 183
2129 208 183
2130 211 181
2131 212 184
2132 212 182
2133 210 180
2134 216 180
2135 219 179
2136 220 177
2137 223 175
2138 229 172
2139 225 178
2140 225 180
2141 233 177
2142 239 176
2143 248 175
2144 244 175
2145 255 170
2146 259 168
2147 277 169
2148 293 170
2149 304 175
2150 317 176
2151 332 179
2152 342 180
2153 349 180
2154 348 182
2155 356 188
2156 366 190
2157 380 192
2158 376 196
2159 400 196
2160 399 197
2161 409 197
2162 412 196
2163 407 199
2164 422 204
2165 430 209
2166 435 211
2167 440 213
2168 447 215
2169 446 214
2170 449 222
2171 461 227
2172 468 234
2173 465 237
2174 474 240
2175 479 240
2176 483 244
2177 492 243
2178 500 252
2179 503 259
2180 499 262
2181 496 265
2182 499 268
2183 500 270
2184 500 270
2185 499 281
2186 500 292
2187 506 291
2188 518 289
2189 512 299
2190 512 306
2191 508 314
2192 479 324
2193 490 323
2194 493 327
2195 483 331
2196 478 333
2197 489 342
2198 487 350
2199 478 351
2200 482 354
2201 492 356
2202 486 368
2203 489 372
2204 488 380
2205 478 378
2206 467 381
2207 459 382
2208 458 381
2209 466 384
2210 452 382
2211 455 393
2212 450 398
2213 440 398
2214 429 402
2215 429 406
2216 421 410
2217 415 416
2218 409 418
2219 390 422
2220 367 439
2221 356 439
2222 349 443
2223 313 445
2224 300 448
2225 288 445
2226 277 440
2227 269 436
2228 272 432
2229 249 433
2230 237 431
2231 234 431
2232 228 430
2233 219 429
2234 226 430
2235 217 429
2236 209 429
2237 193 422
2238 189 415
2239 180 420
2240 182 414
2241 166 411
2242 161 407
2243 160 403
2244 155 405
2245 156 399
2246 158 389
2247 161 383
2248 159 378
2249 156 378
2250 156 377
2251 158 374
2252 161 372
2253 167 371
2254 164 368
2255 168 367
2256 171 361
2257 163 348
2258 168 345
2259 170 338
2260 171 338
2261 176 333
2262 176 334
2263 165 330
2264 168 323
2265 159 323
2266 150 323
2267 146 325
2268 143 322
2269 136 315
2270 126 313
2271 131 309
2272 129 307
2273 118 310
2274 120 305
2275 118 303
2276 117 300
2277 116 296
2278 120 289
2279 121 286
2280 116 282
2281 122 277
2282 119 275
2283 116 275
2284 108 274
2285 106 272
2286 104 267
2287 102 263
2288 99 256
2289 98 253
2290 95 249
2291 90 247
2292 85 243
2293 86 243
2294 85 241
2295 84 241
2296 84 240
2297 85 239
2298 84 234
2299 82 230
2300 85 230
2301 85 231
2302 84 234
2303 84 228
2304 90 228
2305 91 225
2306 95 223
2307 95 220
2308 92 216
2309 86 214
2310 86 207
2311 83 206
2312 86 203
2313 84 198
2314 85 194
2315 82 191
2316 82 186
2317 85 181
2318 92 180
2319 93 178
2320 96 175
2321 97 170
2322 100 168
2323 110 167
2324 112 167
2325 113 165
2326 121 161
2327 122 158
2328 126 157
2329 134 155
2330 135 155
2331 129 155
2332 133 152
2333 143 153
2334 151 153
2335 150 151
2336 147 150
2337 154 150
2338 159 146
2339 159 150
2340 156 150
2341 161 152
2342 160 156
2343 160 156
2344 164 152
2345 171 150
2346 173 149
2347 173 144
2348 180 142
2349 183 144
2350 190 143
2351 192 141
2352 192 135
2353 189 133
2354 192 134
2355 197 134
2356 199 138
2357 202 137
2358 203 136
2359 204 133
2360 204 129
2361 214 127
2362 230 127
2363 240 129
2364 243 131
2365 252 127
2366 266 127
2367 272 128
2368 279 129
2369 287 131
2370 299 129
2371 305 133
2372 317 138
2373 337 139
2374 350 146
2375 357 146
2376 358 152
2377 358 152
2378 368 151
2379 382 150
2380 397 146
2381 402 148
2382 410 151
2383 409 155
2384 417 155
2385 428 156
2386 436 159
2387 446 160
2388 454 167
2389 467 172
2390 473 176
2391 489 174
2392 499 171
2393 503 174
2394 521 182
2395 532 194
2396 546 198
2397 563 205
2398 577 210
2399 585 213
2400 593 212
2401 594 218
2402 612 211
2403 609 218
2404 622 226
2405 629 229
2406 622 237
2407 617 252
2408 617 264
2409 618 269
2410 602 281
2411 606 288
2412 615 294
2413 623 294
2414 606 306
2415 608 309
2416 610 308
2417 609 317
2418 600 324
2419 606 329
2420 604 332
2421 590 346
2422 598 342
2423 570 349
2424 574 350
2425 556 357
2426 550 372
2427 527 376
2428 517 383
2429 514 389
2430 491 392
2431 484 400
2432 459 407
2433 458 418
2434 439 420
2435 420 427
2436 407 432
2437 388 433
2438 365 436
2439 354 447
2440 336 447
2441 329 446
2442 326 444
2443 325 440
2444 318 447
2445 298 449
2446 294 457
2447 275 454
2448 262 462
2449 256 464
2450 239 464
2451 226 458
2452 222 456
2453 207 451
2454 197 450
2455 185 451
2456 161 451
2457 162 449
2458 159 447
2459 148 439
2460 151 433
2461 150 427
2462 137 421
2463 127 412
2464 121 412
2465 116 407
2466 115 405
2467 111 402
2468 116 399
2469 114 394
2470 113 381
2471 111 373
2472 111 369
2473 117 360
2474 114 355
2475 115 347
2476 110 342
2477 103 334
2478 98 331
2479 96 328
2480 97 324
2481 90 318
2482 95 316
2483 93 316
2484 93 308
2485 90 302
2486 91 300
2487 96 301
2488 91 297
2489 89 292
2490 87 291
2491 86 286
2492 87 281
2493 84 279
2494 84 275
2495 85 274
2496 88 269
2497 88 270
2498 85 269
2499 84 264
2500 86 262
2501 92 262
2502 86 258
2503 88 255
2504 80 255
2505 83 252
2506 87 250
2507 89 245
2508 90 243
2509 92 243
2510 93 241
2511 93 235
2512 90 230
2513 89 230
2514 85 229
2515 87 226
2516 85 222
2517 85 219
2518 85 217
2519 85 216
2520 91 212
2521 92 211
2522 93 211
2523 96 211
2524 96 210
2525 98 207
2526 99 204
2527 101 203
2528 97 202
2529 96 206
2530 97 208
2531 95 210
2532 100 207
2533 102 201
2534 95 201
2535 92 201
2536 88 201
2537 93 202
2538 96 202
2539 103 201
2540 100 202
2541 101 197
2542 98 194
2543 95 192
2544 88 190
2545 88 185
2546 88 185
2547 87 183
2548 84 181
2549 84 179
2550 82 177
2551 84 175
2552 78 173
2553 82 171
2554 86 167
2555 92 168
2556 94 167
2557 94 167
2558 101 164
2559 99 160
2560 105 158
2561 106 158
2562 109 156
2563 112 155
2564 114 153
2565 117 150
2566 120 144
2567 123 143
2568 122 141
2569 128 139
2570 132 141
2571 138 139
2572 143 137
2573 148 135
2574 148 134
2575 158 133
2576 163 137
2577 171 136
2578 176 132
2579 180 133
2580 187 135
2581 192 133
2582 197 138
2583 201 138
2584 201 141
2585 205 142
2586 216 138
2587 223 139
2588 234 140
2589 243 138
2590 246 144
2591 256 143
2592 256 142
2593 259 140
2594 270 139
2595 278 139
2596 287 140
2597 285 142
2598 298 141
2599 302 143
2600 305 140
2601 309 137
2602 320 139
2603 335 132
2604 353 131
2605 370 135
2606 394 136
2607 417 136
2608 428 133
2609 436 135
2610 457 138
2611 466 136
2612 485 142
2613 495 149
2614 501 152
2615 519 155
2616 516 156
2617 528 161
2618 530 167
2619 527 172
2620 537 174
2621 548 178
2622 567 175
2623 583 179
2624 583 185
2625 588 189
2626 602 188
2627 618 193
2628 627 203
2629 624 207
2630 626 213
2631 627 217
2632 641 226
2633 640 236
2634 644 244
2635 640 248
2636 636 251
2637 653 259
2638 662 270
2639 664 279
2640 639 283
2641 630 284
2642 614 288
2643 611 293
2644 622 306
2645 607 313
2646 607 321
2647 586 335
2648 581 339
2649 566 343
2650 546 351
2651 535 360
2652 518 376
2653 510 389
2654 518 393
2655 485 409
2656 454 421
2657 452 429
2658 456 431
2659 444 435
2660 434 434
2661 420 435
2662 420 431
2663 403 430
2664 400 428
2665 371 430
2666 361 425
2667 352 426
2668 337 432
2669 321 434
2670 317 436
2671 306 443
2672 299 440
2673 291 441
2674 289 447
2675 293 450
2676 285 445
2677 271 447
2678 273 444
2679 254 445
2680 239 442
2681 225 431
2682 205 427
2683 210 423
2684 203 424
2685 201 417
2686 205 423
2687 205 420
2688 197 420
2689 189 414
2690 170 411
2691 165 406
2692 152 403
2693 139 401
2694 135 403
2695 118 401
2696 111 401
2697 110 395
2698 103 385
2699 99 384
2700 91 374
2701 84 369
2702 80 370
2703 78 371
2704 78 363
2705 74 361
2706 65 357
2707 61 357
2708 61 352
2709 62 345
2710 59 338
2711 52 333
2712 51 327
2713 51 323
2714 53 315
2715 54 311
2716 57 309
2717 61 300
2718 63 292
2719 61 289
2720 57 283
2721 58 282
2722 56 276
2723 54 269
2724 51 266
2725 55 263
2726 57 263
2727 60 258
2728 61 254
2729 61 244
2730 61 239
2731 59 235
2732 63 231
2733 69 226
2734 71 221
2735 71 219
2736 72 211
2737 74 207
2738 67 205
2739 66 206
2740 69 203
2741 69 199
2742 72 193
2743 74 188
2744 74 185
2745 75 181
2746 77 174
2747 78 175
2748 77 176
2749 76 172
2750 79 167
2751 80 164
2752 83 164
2753 81 159
2754 84 159
2755 84 158
2756 86 157
2757 82 156
2758 83 155
2759 86 155
2760 85 155
2761 88 156
2762 86 153
2763 89 154
2764 93 153
2765 92 151
2766 93 150
2767 99 147
2768 89 147
2769 87 146
2770 86 144
2771 84 143
2772 85 145
2773 82 145
2774 83 145
2775 81 145
2776 85 142
2777 84 141
2778 85 142
2779 87 142
2780 89 140
2781 93 141
2782 102 141
2783 107 141
2784 104 139
2785 109 135
2786 119 130
2787 123 129
2788 125 126
2789 130 127
2790 132 126
2791 135 124
2792 140 121
2793 150 117
2794 153 119
2795 153 120
2796 164 117
2797 168 117
2798 180 118
2799 185 119
2800 189 115
2801 194 115
2802 209 115
2803 214 116
2804 211 117
2805 214 116
2806 222 117
2807 236 117
2808 240 118
2809 256 118
2810 258 120
2811 260 123
2812 275 118
2813 283 116
2814 306 115
2815 317 115
2816 338 112
2817 362 111
2818 373 111
2819 396 107
2820 413 108
2821 433 107
2822 459 106
2823 487 106
2824 522 109
2825 546 112
2826 575 114
2827 599 115
2828 630 117
2829 652 120
2830 687 123
2831 717 125
2832 748 134
2833 758 137
2834 778 142
2835 810 146
2836 841 152
2837 857 156
2838 883 164
2839 909 171
2840 947 180
2841 968 190
2842 978 197
2843 1001 214
2844 1017 228
2845 1028 238
2846 1028 258
2847 1040 273
2848 1061 288
2849 1067 307
2850 1057 327
2851 1075 341
2852 1058 363
2853 1049 387
2854 1002 419
2855 969 439
2856 954 455
2857 917 478
2858 908 496
2859 882 513
2860 859 524
2861 822 547
2862 784 562
2863 741 580
2864 720 600
2865 678 623
2866 645 645
2867 627 657
2868 593 675
2869 558 683
2870 509 695
2871 479 707
2872 469 703
2873 436 706
2874 431 707
2875 409 708
2876 392 723
2877 361 723
2878 321 732
2879 294 729
2880 268 727
2881 245 724
2882 239 716
2883 221 716
2884 207 719
2885 203 714
2886 185 704
2887 177 701
2888 168 699
2889 155 696
2890 151 687
2891 140 678
2892 133 671
2893 129 665
2894 123 656
2895 110 652
2896 101 643
2897 95 637
2898 93 623
2899 83 612
2900 80 602
2901 70 593
2902 62 582
2903 61 578
2904 54 566
2905 59 558
2906 54 547
2907 50 538
2908 52 526
2909 48 520
2910 47 512
2911 43 498
2912 43 490
2913 41 478
2914 42 464
2915 44 458
2916 44 449
2917 41 436
2918 41 429
2919 41 417
2920 35 410
2921 36 405
2922 34 398
2923 38 388
2924 38 377
2925 36 373
2926 34 365
2927 34 356
2928 37 350
2929 35 344
2930 37 338
2931 36 331
2932 35 324
2933 36 321
2934 35 316
2935 37 307
2936 33 301
2937 32 295
2938 31 289
2939 30 282
2940 31 278
2941 32 271
2942 31 265
2943 30 260
2944 28 253
2945 29 248
2946 31 241
2947 32 237
2948 33 233
2949 32 226
2950 31 226
2951 29 220
2952 31 215
2953 29 212
2954 27 211
2955 29 207
2956 29 203
2957 27 199
2958 27 192
2959 28 191
2960 30 187
2961 31 182
2962 34 180
2963 35 176
2964 40 176
2965 41 174
2966 36 166
2967 34 163
2968 33 162
2969 32 157
2970 33 155
2971 35 154
2972 33 153
2973 33 150
2974 32 145
2975 32 141
2976 38 137
2977 38 134
2978 38 131
2979 38 130
2980 38 128
2981 38 128
2982 39 127
2983 38 125
2984 38 124
2985 38 122
2986 42 121
2987 44 117
2988 47 116
2989 49 112
2990 54 110
2991 54 108
2992 54 105
2993 54 105
2994 59 103
2995 60 101
2996 61 101
2997 63 98
2998 64 97
2999 62 93
3000 66 89
3001 66 85
3002 68 88
3003 71 87
3004 71 84
3005 73 83
3006 75 82
3007 79 80
3008 84 79
3009 88 77
3010 88 77
3011 88 76
3012 90 74
3013 95 74
3014 102 74
3015 105 72
3016 109 72
3017 109 71
3018 113 67
3019 115 63
3020 126 63
3021 131 62
3022 134 65
3023 143 65
3024 145 66
3025 148 66
3026 149 66
3027 154 67
3028 156 68
3029 166 63
3030 176 63
3031 182 65
3032 192 65
3033 196 63
3034 209 63
3035 220 63
3036 227 63
3037 248 62
3038 265 62
3039 276 62
3040 290 63
3041 304 68
3042 316 68
3043 326 69
3044 325 72
3045 341 72
3046 359 72
3047 368 73
3048 387 77
3049 402 84
3050 412 88
3051 432 96
3052 460 100
3053 464 100
3054 479 106
3055 510 114
3056 539 121
3057 557 129
3058 577 136
3059 590 139
3060 596 144
3061 621 155
3062 633 155
3063 661 156
3064 681 160
3065 697 169
3066 712 172
3067 733 180
3068 766 185
3069 786 187
3070 813 188
3071 829 196
3072 852 203
3073 870 214
3074 881 224
3075 894 231
3076 894 237
3077 918 247
3078 954 260
3079 960 276
3080 980 299
3081 984 308
3082 985 320
3083 981 330
3084 997 343
3085 1022 352
3086 1042 367
3087 1050 381
3088 1074 387
3089 1087 401
3090 1097 407
3091 1106 422
3092 1133 435
3093 1144 452
3094 1157 458
3095 1168 464
3096 1166 483
3097 1147 494
3098 1135 495
3099 1157 504
3100 1172 510
3101 1183 515
3102 1204 537
3103 1204 539
3104 1196 556
3105 1212 569
3106 1202 589
3107 1203 610
3108 1203 624
3109 1214 645
3110 1199 662
3111 1174 676
3112 1165 698
3113 1147 721
3114 1105 730
3115 1055 742
3116 1007 760
3117 927 799
3118 846 831
3119 760 857
3120 704 882
3121 608 899
3122 539 927
3123 482 936
3124 413 946
3125 349 970
3126 291 973
3127 248 973
3128 202 973
3129 169 965
3130 146 956
3131 127 937
3132 107 929
3133 94 920
3134 78 910
3135 68 898
3136 62 887
3137 43 876
3138 33 861
3139 29 849
3140 28 830
3141 23 809
3142 19 795
3143 18 779
3144 18 767
3145 15 750
3146 15 739
3147 16 721
3148 16 706
3149 15 695
3150 13 682
3151 13 663
3152 11 644
3153 12 637
3154 10 622
3155 11 613
3156 10 604
3157 10 587
3158 11 574
3159 12 552
3160 12 544
3161 15 536
3162 15 525
3163 15 517
3164 12 508
3165 11 487
3166 10 471
3167 9 462
3168 10 452
3169 9 438
3170 9 425
3171 10 415
3172 11 402
3173 11 394
3174 11 386
3175 11 377
3176 10 374
3177 9 368
3178 9 362
3179 9 353
3180 9 348
3181 8 338
3182 8 335
3183 8 331
3184 8 326
3185 9 317
3186 8 311
3187 7 305
3188 7 295
3189 7 291
3190 7 288
3191 8 283
3192 8 280
3193 7 275
3194 8 270
3195 7 267
3196 8 261
3197 9 257
3198 10 251
3199 13 243
3200 13 240
3201 15 231
3202 15 230
3203 17 223
3204 18 220
3205 17 215
3206 18 210
3207 17 206
3208 20 203
3209 22 201
3210 22 197
3211 24 195
3212 25 194
3213 28 190
3214 29 184
3215 29 180
3216 31 176
3217 30 174
3218 32 171
3219 32 168
3220 32 166
3221 31 163
3222 34 159
3223 37 153
3224 36 148
3225 40 145
3226 43 139
3227 42 134
3228 42 132
3229 40 130
3230 44 130
3231 46 127
3232 46 124
3233 50 123
3234 52 122
3235 55 120
3236 58 118
3237 63 116
3238 66 112
3239 69 111
3240 71 110
3241 73 108
3242 76 107
3243 76 105
3244 74 103
3245 77 100
3246 83 92
3247 83 92
3248 83 90
3249 88 89
3250 93 86
3251 96 87
3252 105 86
3253 109 83
3254 112 81
3255 115 79
3256 122 79
3257 126 78
3258 133 76
3259 131 76
3260 138 75
3261 142 75
3262 143 76
3263 155 74
3264 155 78
3265 166 77
3266 174 76
3267 183 73
3268 193 73
3269 203 73
3270 210 72
3271 225 73
3272 235 72
3273 246 73
3274 260 74
3275 264 75
3276 272 76
3277 285 75
3278 297 76
3279 305 78
3280 322 80
3281 350 80
3282 364 84
3283 379 83
3284 392 85
3285 411 85
3286 417 83
3287 440 83
3288 464 85
3289 482 86
3290 502 90
3291 507 91
3292 532 96
3293 557 95
3294 587 100
3295 613 107
3296 634 104
3297 661 109
3298 683 110
3299 700 115
3300 718 120
3301 752 125
3302 771 128
3303 792 137
3304 812 146
3305 825 156
3306 832 165
3307 838 172
3308 865 181
3309 879 196
3310 891 212
3311 888 223
3312 902 232
3313 922 235
3314 933 247
3315 961 254
3316 962 268
3317 977 277
3318 989 298
3319 1008 311
3320 1031 328
3321 1018 348
3322 1021 372
3323 1036 398
3324 1031 404
3325 1014 430
3326 1005 457
3327 970 469
3328 961 491
3329 915 523
3330 892 542
3331 852 564
3332 803 581
3333 734 604
3334 692 627
3335 636 647
3336 599 661
3337 560 676
3338 524 692
3339 509 710
3340 479 726
3341 453 733
3342 424 736
3343 416 743
3344 401 747
3345 377 750
3346 350 745
3347 343 736
3348 325 736
3349 323 732
3350 303 721
3351 292 717
3352 289 717
3353 290 709
3354 290 705
3355 290 699
3356 284 693
3357 285 690
3358 289 685
3359 279 676
3360 273 670
3361 281 663
3362 285 659
3363 291 653
3364 283 637
3365 284 634
3366 277 626
3367 286 622
3368 294 613
3369 284 604
3370 266 598
3371 260 597
3372 252 591
3373 252 581
3374 245 572
3375 244 560
3376 223 555
3377 222 545
3378 227 537
3379 219 533
3380 214 524
3381 204 514
3382 187 519
3383 161 516
3384 148 503
3385 127 501
3386 108 497
3387 93 491
3388 87 488
3389 74 478
3390 67 474
3391 64 469
3392 58 466
3393 56 462
3394 52 455
3395 50 455
3396 46 446
3397 42 440
3398 39 438
3399 35 430
3400 35 421
3401 31 409
3402 31 402
3403 31 392
3404 30 388
3405 29 379
3406 29 373
3407 27 364
3408 26 356
3409 28 346
3410 28 337
3411 26 331
3412 27 327
3413 25 326
3414 27 322
3415 22 312
3416 22 310
3417 22 301
3418 21 295
3419 20 290
3420 24 284
3421 22 279
3422 25 276
3423 26 267
3424 26 267
3425 26 259
3426 25 254
3427 25 251
3428 23 246
3429 23 244
3430 22 239
3431 21 232
3432 23 229
3433 22 227
3434 19 222
3435 20 215
3436 21 210
3437 20 209
3438 19 206
3439 17 201
3440 14 198
3441 15 197
3442 13 196
3443 10 193
3444 9 185
3445 8 182
3446 6 179
3447 5 177
3448 4 174
3449 4 173
3450 4 170
3451 4 168
3452 5 166
3453 6 161
3454 7 158
3455 7 155
3456 7 149
3457 8 147
3458 8 143
3459 7 140
3460 7 134
3461 7 130
3462 6 127
3463 6 126
3464 6 122
3465 6 118
3466 7 118
3467 7 117
3468 7 113
3469 8 113
3470 8 112
3471 7 111
3472 7 108
3473 8 101
3474 10 100
3475 12 98
3476 12 98
3477 13 97
3478 14 96
3479 14 94
3480 15 94
3481 16 94
3482 17 92
3483 18 90
3484 19 90
3485 22 86
3486 24 85
3487 26 86
3488 27 84
3489 27 81
3490 26 82
3491 28 80
3492 27 82
3493 27 81
3494 25 81
3495 25 80
3496 27 79
3497 29 77
3498 28 77
3499 29 76
3500 30 76
3501 32 75
3502 33 75
3503 33 75
3504 36 74
3505 39 74
3506 45 73
3507 47 72
3508 48 71
3509 50 69
3510 49 69
3511 54 69
3512 58 68
3513 58 68
3514 63 68
3515 67 68
3516 70 66
3517 75 66
3518 75 66
3519 79 65
3520 80 64
3521 81 64
3522 80 62
3523 83 61
3524 86 60
3525 92 58
3526 97 58
3527 96 57
3528 95 58
3529 98 57
3530 105 55
3531 111 55
3532 110 56
3533 113 57
3534 117 57
3535 127 57
3536 133 55
3537 137 54
3538 141 53
3539 142 55
3540 148 53
3541 152 53
3542 155 53
3543 163 52
3544 174 51
3545 180 51
3546 200 51
3547 214 54
3548 228 53
3549 236 51
3550 250 51
3551 259 52
3552 265 54
3553 284 54
3554 302 55
3555 335 53
3556 355 55
3557 369 55
3558 395 55
3559 412 56
3560 430 55
3561 447 57
3562 469 56
3563 494 59
3564 518 62
3565 539 63
3566 568 66
3567 593 71
3568 623 72
3569 654 75
3570 701 76
3571 739 81
3572 768 82
3573 799 92
3574 830 94
3575 857 101
3576 884 109
3577 923 110
3578 955 117
3579 995 128
3580 1026 135
3581 1042 144
3582 1086 151
3583 1117 163
3584 1140 169
3585 1187 190
3586 1209 204
3587 1221 215
3588 1240 234
3589 1265 255
3590 1292 271
3591 1303 288
3592 1337 315
3593 1324 337
3594 1310 363
3595 1307 392
3596 1283 416
3597 1304 433
3598 1272 452
3599 1277 486
3600 1279 517
3601 1218 531
3602 1173 559
3603 1137 586
3604 1135 610
3605 1087 629
3606 1043 658
3607 1001 680
3608 970 701
3609 942 718
3610 908 731
3611 866 754
3612 834 765
3613 786 788
3614 757 797
3615 717 803
3616 692 801
3617 664 804
3618 633 816
3619 606 834
3620 570 831
3621 523 841
3622 499 845
3623 457 852
3624 441 851
3625 414 856
3626 380 856
3627 355 854
3628 338 851
3629 318 850
3630 279 855
3631 260 840
3632 247 838
3633 219 843
3634 203 836
3635 186 815
3636 165 805
3637 144 801
3638 130 794
3639 117 787
3640 96 773
3641 91 762
3642 80 751
3643 72 736
3644 57 723
3645 53 708
3646 47 698
3647 42 687
3648 42 672
3649 44 652
3650 38 644
3651 35 629
3652 31 619
3653 26 604
3654 24 589
3655 25 581
3656 19 574
3657 19 571
3658 18 556
3659 20 547
3660 17 542
3661 13 535
3662 14 525
3663 15 512
3664 13 500
3665 13 492
3666 11 489
3667 9 480
3668 8 469
3669 7 454
3670 7 442
3671 7 427
3672 7 420
3673 7 411
3674 6 400
3675 6 395
3676 6 388
3677 6 383
3678 6 377
3679 5 374
3680 5 369
3681 4 362
3682 4 356
3683 4 349
3684 4 346
3685 3 343
3686 1 339
3687 1 335
3688 1 326
3689 1 322
3690 0 314
3691 0 311
3692 0 303
3693 0 296
3694 0 292
3695 0 289
3696 0 288
3697 0 283
3698 0 277
3699 0 271
3700 0 265
3701 0 259
3702 0 253
3703 0 250
3704 0 240
3705 0 234
3706 0 225
3707 0 222
3708 0 218
3709 0 216
3710 0 209
3711 0 200
3712 0 196
3713 0 191
3714 0 188
3715 0 185
3716 0 180
3717 0 177
3718 0 175
3719 0 173
3720 0 171
3721 0 168
3722 0 163
3723 0 161
3724 0 159
3725 0 158
3726 0 154
3727 0 151
3728 0 148
3729 0 147
3730 0 146
3731 0 142
3732 0 136
3733 0 133
3734 0 127
3735 0 123
3736 0 123
3737 0 119
3738 0 119
3739 0 116
3740 0 114
3741 0 112
3742 0 110
3743 0 110
3744 0 108
3745 0 108
3746 0 106
3747 0 105
3748 0 102
3749 0 101
3750 0 97
3751 0 97
3752 0 96
3753 0 95
3754 0 93
3755 0 89
3756 0 88
3757 0 87
3758 0 83
3759 0 83
3760 0 81
3761 0 78
3762 0 77
3763 0 73
3764 0 73
3765 0 72
3766 0 70
3767 0 64
3768 0 64
3769 0 64
3770 0 64
3771 0 62
3772 0 61
3773 0 59
3774 0 59
3775 0 58
3776 0 57
3777 0 56
3778 0 54
3779 0 53
3780 0 52
3781 0 51
3782 0 49
3783 0 49
3784 0 47
3785 0 47
3786 0 47
3787 0 47
3788 0 46
3789 0 45
3790 0 45
3791 0 44
3792 0 43
3793 0 43
3794 0 43
3795 0 39
3796 0 37
3797 0 37
3798 0 37
3799 0 36
3800 0 33
3801 0 32
3802 0 32
3803 0 32
3804 0 31
3805 0 31
3806 0 30
3807 0 30
3808 0 30
3809 0 30
3810 0 30
3811 0 30
3812 0 27
3813 0 27
3814 0 25
3815 0 25
3816 0 24
3817 0 24
3818 0 23
3819 0 23
3820 0 23
3821 0 23
3822 0 23
3823 0 22
3824 0 22
3825 0 22
3826 0 22
3827 0 19
3828 0 18
3829 0 18
3830 0 17
3831 0 17
3832 0 16
3833 0 16
3834 0 16
3835 0 16
3836 0 16
3837 0 15
3838 0 15
3839 0 15
3840 0 14
3841 0 14
3842 0 14
3843 0 13
3844 0 13
3845 0 13
3846 0 13
3847 0 13
3848 0 13
3849 0 13
3850 0 13
3851 0 13
3852 0 13
3853 0 13
3854 0 13
3855 0 13
3856 0 13
3857 0 13
3858 0 12
3859 0 12
3860 0 12
3861 0 12
3862 0 12
3863 0 11
3864 0 10
3865 0 10
3866 0 10
3867 0 10
3868 0 10
3869 0 10
3870 0 10
3871 0 10
3872 0 10
3873 0 10
3874 0 9
3875 0 8
3876 0 8
3877 0 8
3878 0 8
3879 0 8
3880 0 8
3881 0 8
3882 0 8
3883 0 8
3884 0 8
3885 0 7
3886 0 7
3887 0 5
3888 0 5
3889 0 5
3890 0 5
3891 0 5
3892 0 5
3893 0 4
3894 0 4
3895 0 4
3896 0 4
3897 0 4
3898 0 4
3899 0 4
3900 0 4
3901 0 4
3902 0 3
3903 0 3
3904 0 3
3905 0 3
3906 0 3
3907 0 2
3908 0 2
3909 0 2
3910 0 2
3911 0 2
3912 0 2
3913 0 1
3914 0 1
3915 0 1
3916 0 1
3917 0 1
3918 0 1
3919 0 1
3920 0 1
3921 0 1
3922 0 1
3923 0 1
3924 0 1
3925 0 1
3926 0 1
3927 0 1
3928 0 1
3929 0 1
3930 0 1
3931 0 1
3932 0 1
3933 0 1
3934 0 1
3935 0 1
3936 0 1
3937 0 1
3938 0 1
3939 0 1
3940 0 1
3941 0 1
3942 0 1
3943 0 1
3944 0 1
3945 0 1
3946 0 1
3947 0 1
3948 0 1
3949 0 1
3950 0 1
3951 0 1
3952 0 1
3953 0 1
3954 0 1
3955 0 1
3956 0 1
3957 0 1
3958 0 1
3959 0 1
3960 0 1
3961 0 1
3962 0 1
3963 0 1
3964 0 1
3965 0 1
3966 0 1
3967 0 1
3968 0 1
3969 0 1
3970 0 1
3971 0 1
3972 0 1
3973 0 1
3974 0 1
3975 0 1
3976 0 1
3977 0 1
3978 0 1
3979 0 1
3980 0 1
3981 0 1
3982 0 1
3983 0 1
3984 0 1
3985 0 1
3986 0 0
3987 0 0
3988 0 0
3989 0 0
3990 0 0
3991 0 0
3992 0 0
3993 0 0
3994 0 0
3995 0 0
3996 0 0
3997 0 0
3998 0 0
3999 0 0
4000 0 0
4001 0 0
4002 0 0
4003 0 0
4004 0 0
4005 0 0
4006 0 0
4007 0 0
4008 0 0
4009 0 0
4010 0 0
4011 0 0
4012 0 0
4013 0 0
4014 0 0
4015 0 0
4016 0 0
4017 0 0
4018 0 0
4019 0 0
4020 0 0
4021 0 0
4022 0 0
4023 0 0
4024 0 0
4025 0 0
4026 0 0
4027 0 0
4028 0 0
4029 0 0
4030 0 0
4031 0 0
4032 0 0
4033 0 0
4034 0 0
4035 0 0
4036 0 0
4037 0 0
4038 0 0
4039 0 0
4040 0 0
4041 0 0
4042 0 0
4043 0 0
4044 0 0
4045 0 0
4046 0 0
4047 0 0
4048 0 0
4049 0 0
4050 0 0
4051 0 0
4052 0 0
4053 0 0
4054 0 0
4055 0 0
4056 0 0
4057 0 0
4058 0 0
4059 0 0
4060 0 0
4061 0 0
4062 0 0
4063 0 0
4064 0 0
4065 0 0
4066 0 0
4067 0 0
4068 0 0
4069 0 0
4070 0 0
4071 0 0
4072 0 0
4073 0 0
4074 0 0
4075 0 0
4076 0 0
4077 0 0
4078 0 0
4079 0 0
4080 0 0
4081 0 0
4082 0 0
4083 0 0
4084 0 0
4085 0 0
4086 0 0
4087 0 0
4088 0 0
4089 0 0
4090 0 0
4091 0 0
4092 0 0
4093 0 0
4094 0 0
4095 0 0
4096 0 0
4097 0 0
4098 0 0
4099 0 0
4100 0 0
4101 0 0
4102 0 0
4103 0 0
4104 0 0
4105 0 0
4106 0 0
4107 0 0
4108 0 0
4109 0 0
4110 0 0
4111 0 0
4112 0 0
4113 0 0
4114 0 0
4115 0 0
4116 0 0
4117 0 0
4118 0 0
4119 0 0
4120 0 0
4121 0 0
4122 0 0
4123 0 0
4124 0 0
4125 0 0
4126 0 0
4127 0 0
4128 0 0
4129 0 0
4130 0 0
4131 0 0
4132 0 0
4133 0 0
4134 0 0
4135 0 0
4136 0 0
4137 0 0
4138 0 0
4139 0 0
4140 0 0
4141 0 0
4142 0 0
4143 0 0
4144 0 0
4145 0 0
4146 0 0
4147 0 0
4148 0 0
4149 0 0
4150 0 0
4151 0 0
4152 0 0
4153 0 0
4154 0 0
4155 0 0
4156 0 0
4157 0 0
4158 0 0
4159 0 0
4160 0 0
4161 0 0
4162 0 0
4163 0 0
4164 0 0
4165 0 0
4166 0 0
4167 0 0
4168 0 0
4169 0 0
4170 0 0
4171 0 0
4172 0 0
4173 0 0
4174 0 0
4175 0 0
4176 0 0
4177 0 0
4178 0 0
4179 0 0
4180 0 0
4181 0 0
4182 0 0
4183 0 0
4184 0 0
4185 0 0
4186 0 0
4187 0 0
4188 0 0
4189 0 0
4190 0 0
4191 0 0
4192 0 0
4193 0 0
4194 0 0
4195 0 0
4196 0 0
4197 0 0
4198 0 0
4199 0 0
4200 0 0
4201 0 0
4202 0 0
4203 0 0
4204 0 0
4205 0 0
4206 0 0
4207 0 0
4208 0 0
4209 0 0
4210 0 0
4211 0 0
4212 0 0
4213 0 0
4214 0 0
4215 0 0
4216 0 0
4217 0 0
4218 0 0
4219 0 0
4220 0 0
4221 0 0
4222 0 0
4223 0 0
4224 0 0
4225 0 0
4226 0 0
4227 0 0
4228 0 0
4229 0 0
4230 0 0
4231 0 0
4232 0 0
4233 0 0
4234 0 0
4235 0 0
4236 0 0
4237 0 0
4238 0 0
4239 0 0
4240 0 0
4241 0 0
4242 0 0
4243 0 0
4244 0 0
4245 0 0
4246 0 0
4247 0 0
4248 0 0
4249 0 0
4250 0 0
4251 0 0
4252 0 0
4253 0 0
4254 0 0
4255 0 0
4256 0 0
4257 0 0
4258 0 0
4259 0 0
4260 0 0
4261 0 0
4262 0 0
4263 0 0
4264 0 0
4265 0 0
4266 0 0
4267 0 0
4268 0 0
4269 0 0
4270 0 0
4271 0 0
4272 0 0
4273 0 0
4274 0 0
4275 0 0
4276 0 0
4277 0 0
4278 0 0
4279 0 0
4280 0 0
4281 0 0
4282 0 0
4283 0 0
4284 0 0
4285 0 0
4286 0 0
4287 0 0
4288 0 0
4289 0 0
4290 0 0
4291 0 0
4292 0 0
4293 0 0
4294 0 0
4295 0 0
4296 0 0
4297 0 0
4298 0 0
4299 0 0
4300 0 0
4301 0 0
4302 0 0
4303 0 0
4304 0 0
4305 0 0
4306 0 0
4307 0 0
4308 0 0
4309 0 0
4310 0 0
4311 0 0
4312 0 0
4313 0 0
4314 0 0
4315 0 0
4316 0 0
4317 0 0
4318 0 0
4319 0 0
4320 0 0
4321 0 0
4322 0 0
4323 0 0
4324 0 0
4325 0 0
4326 0 0
4327 0 0
4328 0 0
4329 0 0
4330 0 0
4331 0 0
4332 0 0
4333 0 0
4334 0 0
4335 0 0
4336 0 0
4337 0 0
4338 0 0
4339 0 0
4340 0 0
4341 0 0
4342 0 0
4343 0 0
4344 0 0
4345 0 0
4346 0 0
4347 0 0
4348 0 0
4349 0 0
4350 0 0
4351 0 0
4352 0 0
4353 0 0
4354 0 0
4355 0 0
4356 0 0
4357 0 0
4358 0 0
4359 0 0
4360 0 0
4361 0 0
4362 0 0
4363 0 0
4364 0 0
4365 0 0
4366 0 0
4367 0 0
4368 0 0
4369 0 0
4370 0 0
4371 0 0
4372 0 0
4373 0 0
4374 0 0
4375 0 0
4376 0 0
4377 0 0
4378 0 0
4379 0 0
4380 0 0
4381 0 0
4382 0 0
4383 0 0
4384 0 0
4385 0 0
4386 0 0
4387 0 0
4388 0 0
4389 0 0
4390 0 0
4391 0 0
4392 0 0
4393 0 0
4394 0 0
4395 0 0
4396 0 0
4397 0 0
4398 0 0
4399 0 0
4400 0 0
4401 0 0
4402 0 0
4403 0 0
4404 0 0
4405 0 0
4406 0 0
4407 0 0
4408 0 0
4409 0 0
4410 0 0
4411 0 0
4412 0 0
4413 0 0
4414 0 0
4415 0 0
4416 0 0
4417 0 0
4418 0 0
4419 0 0
4420 0 0
4421 0 0
4422 0 0
4423 0 0
4424 0 0
4425 0 0
4426 0 0
4427 0 0
4428 0 0
4429 0 0
4430 0 0
4431 0 0
4432 0 0
4433 0 0
4434 0 0
4435 0 0
4436 0 0
4437 0 0
4438 0 0
4439 0 0
4440 0 0
4441 0 0
4442 0 0
4443 0 0
4444 0 0
4445 0 0
4446 0 0
4447 0 0
4448 0 0
4449 0 0
4450 0 0
4451 0 0
4452 0 0
4453 0 0
4454 0 0
4455 0 0
4456 0 0
4457 0 0
4458 0 0
4459 0 0
4460 0 0
4461 0 0
4462 0 0
4463 0 0
4464 0 0
4465 0 0
4466 0 0
4467 0 0
4468 0 0
4469 0 0
4470 0 0
4471 0 0
4472 0 0
4473 0 0
4474 0 0
4475 0 0
4476 0 0
4477 0 0
4478 0 0
4479 0 0
4480 0 0
4481 0 0
4482 0 0
4483 0 0
4484 0 0
4485 0 0
4486 0 0
4487 0 0
4488 0 0
4489 0 0
4490 0 0
4491 0 0
4492 0 0
4493 0 0
4494 0 0
4495 0 0
4496 0 0
4497 0 0
4498 0 0
4499 0 0
4500 0 0
4501 0 0
4502 0 0
4503 0 0
4504 0 0
4505 0 0
4506 0 0
4507 0 0
4508 0 0
4509 0 0
4510 0 0
4511 0 0
4512 0 0
4513 0 0
4514 0 0
4515 0 0
4516 0 0
4517 0 0
4518 0 0
4519 0 0
4520 0 0
4521 0 0
4522 0 0
4523 0 0
4524 0 0
4525 0 0
4526 0 0
4527 0 0
4528 0 0
4529 0 0
4530 0 0
4531 0 0
4532 0 0
4533 0 0
4534 0 0
4535 0 0
4536 0 0
4537 0 0
4538 0 0
4539 0 0
4540 0 0
4541 0 0
4542 0 0
4543 0 0
4544 0 0
4545 0 0
4546 0 0
4547 0 0
4548 0 0
4549 0 0
4550 0 0
4551 0 0
4552 0 0
4553 0 0
4554 0 0
4555 0 0
4556 0 0
4557 0 0
4558 0 0
4559 0 0
4560 0 0
4561 0 0
4562 0 0
4563 0 0
4564 0 0
4565 0 0
4566 0 0
4567 0 0
4568 0 0
4569 0 0
4570 0 0
4571 0 0
4572 0 0
4573 0 0
4574 0 0
4575 0 0
4576 0 0
4577 0 0
4578 0 0
4579 0 0
4580 0 0
4581 0 0
4582 0 0
4583 0 0
4584 0 0
4585 0 0
4586 0 0
4587 0 0
4588 0 0
4589 0 0
4590 0 0
4591 0 0
4592 0 0
4593 0 0
4594 0 0
4595 0 0
4596 0 0
4597 0 0
4598 0 0
4599 0 0
4600 0 0
4601 0 0
4602 0 0
4603 0 0
4604 0 0
4605 0 0
4606 0 0
4607 0 0
4608 0 0
4609 0 0
4610 0 0
4611 0 0
4612 0 0
4613 0 0
4614 0 0
4615 0 0
4616 0 0
4617 0 0
4618 0 0
4619 0 0
4620 0 0
4621 0 0
4622 0 0
4623 0 0
4624 0 0
4625 0 0
4626 0 0
4627 0 0
4628 0 0
4629 0 0
4630 0 0
4631 0 0
4632 0 0
4633 0 0
4634 0 0
4635 0 0
4636 0 0
4637 0 0
4638 0 0
4639 0 0
4640 0 0
4641 0 0
4642 0 0
4643 0 0
4644 0 0
4645 0 0
4646 0 0
4647 0 0
4648 0 0
4649 0 0
4650 0 0
4651 0 0
4652 0 0
4653 0 0
4654 0 0
4655 0 0
4656 0 0
4657 0 0
4658 0 0
4659 0 0
4660 0 0
4661 0 0
4662 0 0
4663 0 0
4664 0 0
4665 0 0
4666 0 0
4667 0 0
4668 0 0
4669 0 0
4670 0 0
4671 0 0
4672 0 0
4673 0 0
4674 0 0
4675 0 0
4676 0 0
4677 0 0
4678 0 0
4679 0 0
4680 0 0
4681 0 0
4682 0 0
4683 0 0
4684 0 0
4685 0 0
4686 0 0
4687 0 0
4688 0 0
4689 0 0
4690 0 0
4691 0 0
4692 0 0
4693 0 0
4694 0 0
4695 0 0
4696 0 0
4697 0 0
4698 0 0
4699 0 0
4700 0 0
4701 0 0
4702 0 0
4703 0 0
4704 0 0
4705 0 0
4706 0 0
4707 0 0
4708 0 0
4709 0 0
4710 0 0
4711 0 0
4712 0 0
4713 0 0
4714 0 0
4715 0 0
4716 0 0
4717 0 0
4718 0 0
4719 0 0
4720 0 0
4721 0 0
4722 0 0
4723 0 0
4724 0 0
4725 0 0
4726 0 0
4727 0 0
4728 0 0
4729 0 0
4730 0 0
4731 0 0
4732 0 0
4733 0 0
4734 0 0
4735 0 0
4736 0 0
4737 0 0
4738 0 0
4739 0 0
4740 0 0
4741 0 0
4742 0 0
4743 0 0
4744 0 0
4745 0 0
4746 0 0
4747 0 0
4748 0 0
4749 0 0
4750 0 0
4751 0 0
4752 0 0
4753 0 0
4754 0 0
4755 0 0
4756 0 0
4757 0 0
4758 0 0
4759 0 0
4760 0 0
4761 0 0
4762 0 0
4763 0 0
4764 0 0
4765 0 0
4766 0 0
4767 0 0
4768 0 0
4769 0 0
4770 0 0
4771 0 0
4772 0 0
4773 0 0
4774 0 0
4775 0 0
4776 0 0
4777 0 0
4778 0 0
4779 0 0
4780 0 0
4781 0 0
4782 0 0
4783 0 0
4784 0 0
4785 0 0
4786 0 0
4787 0 0
4788 0 0
4789 0 0
4790 0 0
4791 0 0
4792 0 0
4793 0 0
4794 0 0
4795 0 0
4796 0 0
4797 0 0
4798 0 0
4799 0 0
4800 0 0
4801 0 0
4802 0 0
4803 0 0
4804 0 0
4805 0 0
4806 0 0
4807 0 0
4808 0 0
4809 0 0
4810 0 0
4811 0 0
4812 0 0
4813 0 0
4814 0 0
4815 0 0
4816 0 0
4817 0 0
4818 0 0
4819 0 0
4820 0 0
4821 0 0
4822 0 0
4823 0 0
4824 0 0
4825 0 0
4826 0 0
4827 0 0
4828 0 0
4829 0 0
4830 0 0
4831 0 0
4832 0 0
4833 0 0
4834 0 0
4835 0 0
4836 0 0
4837 0 0
4838 0 0
4839 0 0
4840 0 0
4841 0 0
4842 0 0
4843 0 0
4844 0 0
4845 0 0
4846 0 0
4847 0 0
4848 0 0
4849 0 0
4850 0 0
4851 0 0
4852 0 0
4853 0 0
4854 0 0
4855 0 0
4856 0 0
4857 0 0
4858 0 0
4859 0 0
4860 0 0
4861 0 0
4862 0 0
4863 0 0
4864 0 0
4865 0 0
4866 0 0
4867 0 0
4868 0 0
4869 0 0
4870 0 0
4871 0 0
4872 0 0
4873 0 0
4874 0 0
4875 0 0
4876 0 0
4877 0 0
4878 0 0
4879 0 0
4880 0 0
4881 0 0
4882 0 0
4883 0 0
4884 0 0
4885 0 0
4886 0 0
4887 0 0
4888 0 0
4889 0 0
4890 0 0
4891 0 0
4892 0 0
4893 0 0
4894 0 0
4895 0 0
4896 0 0
4897 0 0
4898 0 0
4899 0 0
4900 0 0
4901 0 0
4902 0 0
4903 0 0
4904 0 0
4905 0 0
4906 0 0
4907 0 0
4908 0 0
4909 0 0
4910 0 0
4911 0 0
4912 0 0
4913 0 0
4914 0 0
4915 0 0
4916 0 0
4917 0 0
4918 0 0
4919 0 0
4920 0 0
4921 0 0
4922 0 0
4923 0 0
4924 0 0
4925 0 0
4926 0 0
4927 0 0
4928 0 0
4929 0 0
4930 0 0
4931 0 0
4932 0 0
4933 0 0
4934 0 0
4935 0 0
4936 0 0
4937 0 0
4938 0 0
4939 0 0
4940 0 0
4941 0 0
4942 0 0
4943 0 0
4944 0 0
4945 0 0
4946 0 0
4947 0 0
4948 0 0
4949 0 0
4950 0 0
4951 0 0
4952 0 0
4953 0 0
4954 0 0
4955 0 0
4956 0 0
4957 0 0
4958 0 0
4959 0 0
4960 0 0
4961 0 0
4962 0 0
4963 0 0
4964 0 0
4965 0 0
4966 0 0
4967 0 0
4968 0 0
4969 0 0
4970 0 0
4971 0 0
4972 0 0
4973 0 0
4974 0 0
4975 0 0
4976 0 0
4977 0 0
4978 0 0
4979 0 0
4980 0 0
4981 0 0
4982 0 0
4983 0 0
4984 0 0
4985 0 0
4986 0 0
4987 0 0
4988 0 0
4989 0 0
4990 0 0
4991 0 0
4992 0 0
4993 0 0
4994 0 0
4995 0 0
4996 0 0
4997 0 0
4998 0 0
4999 0 0
5000 0 0