0 150 150
1 159 89
2 169 86
3 184 85
4 180 86
5 190 82
6 198 80
7 213 76
8 224 81
9 243 83
10 245 84
11 253 83
12 272 83
13 294 81
14 310 84
15 325 80
16 340 79
17 358 80
18 368 82
19 395 78
20 416 80
21 422 84
22 457 85
23 484 87
24 515 87
25 535 91
26 544 97
27 570 99
28 595 104
29 636 112
30 653 113
31 660 113
32 691 121
33 719 124
34 736 133
35 748 141
36 768 145
37 779 148
38 788 160
39 817 166
40 837 174
41 876 187
42 897 196
43 920 204
44 936 214
45 942 233
46 938 248
47 928 260
48 931 269
49 957 283
50 972 284
51 984 292
52 987 315
53 976 331
54 976 352
55 962 375
56 957 381
57 952 394
58 960 405
59 965 419
60 976 430
61 988 435
62 1014 447
63 1018 458
64 1013 474
65 1019 490
66 990 505
67 994 516
68 990 525
69 973 538
70 954 550
71 959 569
72 912 596
73 866 607
74 818 622
75 773 643
76 736 659
77 691 682
78 660 699
79 620 703
80 570 717
81 517 723
82 467 723
83 423 730
84 388 735
85 344 753
86 301 750
87 256 757
88 233 755
89 199 758
90 171 750
91 150 736
92 143 724
93 140 717
94 131 704
95 123 686
96 112 681
97 104 670
98 96 653
99 85 645
100 74 637
101 63 625
102 62 615
103 57 603
104 52 594
105 47 584
106 39 577
107 39 568
108 32 559
109 34 546
110 34 535
111 34 524
112 29 513
113 28 504
114 24 498
115 20 487
116 21 475
117 19 468
118 19 460
119 16 454
120 16 447
121 15 441
122 13 432
123 11 426
124 11 423
125 9 413
126 8 400
127 6 392
128 8 386
129 11 380
130 11 375
131 9 366
132 7 362
133 6 355
134 8 350
135 7 345
136 9 343
137 9 336
138 10 330
139 9 325
140 7 320
141 7 317
142 7 314
143 8 303
144 8 295
145 9 288
146 10 281
147 9 274
148 10 269
149 10 266
150 7 256
151 8 252
152 9 247
153 10 242
154 10 238
155 10 233
156 9 231
157 9 226
158 10 221
159 10 218
160 9 217
161 11 216
162 12 215
163 13 215
164 13 212
165 15 209
166 15 208
167 13 202
168 14 200
169 16 195
170 16 192
171 16 192
172 16 188
173 16 186
174 17 186
175 19 182
176 19 179
177 21 178
178 19 172
179 21 170
180 22 168
181 23 166
182 23 163
183 26 158
184 27 153
185 29 147
186 29 148
187 31 145
188 31 144
189 32 142
190 37 138
191 36 135
192 37 129
193 38 129
194 42 128
195 41 126
196 37 128
197 38 125
198 38 121
199 40 117
200 32 117
201 35 115
202 38 111
203 42 109
204 40 109
205 37 106
206 36 101
207 34 102
208 35 100
209 37 98
210 39 96
211 40 96
212 43 93
213 46 93
214 49 92
215 53 90
216 54 88
217 55 86
218 58 83
219 56 83
220 60 81
221 64 80
222 65 80
223 70 79
224 75 74
225 77 74
226 87 70
227 93 70
228 96 70
229 101 69
230 103 69
231 108 68
232 114 67
233 126 68
234 132 69
235 133 67
236 130 67
237 134 67
238 136 66
239 139 66
240 147 66
241 152 65
242 160 66
243 165 66
244 170 68
245 182 68
246 193 66
247 206 65
248 218 67
249 231 67
250 248 68
251 256 70
252 260 70
253 266 72
254 283 73
255 298 78
256 309 77
257 316 82
258 324 87
259 351 88
260 367 89
261 381 89
262 394 94
263 403 98
264 418 99
265 440 99
266 458 100
267 461 104
268 474 113
269 479 117
270 494 123
271 519 122
272 557 124
273 586 125
274 609 127
275 620 134
276 642 139
277 651 150
278 667 154
279 682 159
280 694 166
281 723 171
282 735 178
283 748 183
284 752 187
285 783 198
286 796 211
287 755 227
288 771 234
289 788 243
290 806 255
291 816 268
292 787 286
293 794 298
294 803 308
295 785 323
296 778 339
297 775 362
298 775 373
299 771 387
300 760 395
301 758 411
302 742 428
303 752 436
304 747 450
305 721 459
306 701 464
307 692 486
308 692 489
309 700 500
310 696 507
311 672 515
312 666 521
313 658 514
314 648 531
315 651 531
316 642 537
317 625 543
318 612 547
319 596 551
320 574 558
321 559 558
322 555 565
323 544 574
324 521 584
325 488 585
326 463 595
327 450 593
328 450 588
329 440 589
330 419 587
331 404 579
332 400 568
333 382 569
334 382 571
335 363 570
336 352 575
337 345 576
338 342 576
339 319 571
340 301 569
341 273 569
342 258 566
343 236 564
344 234 564
345 223 562
346 201 558
347 174 557
348 161 552
349 147 556
350 133 547
351 130 545
352 114 543
353 101 535
354 95 528
355 86 525
356 81 515
357 76 502
358 65 498
359 60 495
360 56 492
361 50 484
362 47 481
363 45 474
364 40 468
365 38 461
366 42 456
367 38 452
368 30 442
369 25 436
370 20 431
371 20 423
372 19 412
373 17 402
374 17 392
375 15 387
376 15 379
377 13 377
378 12 368
379 12 363
380 12 358
381 13 348
382 15 342
383 13 340
384 11 331
385 9 322
386 9 317
387 8 311
388 7 305
389 7 304
390 7 294
391 7 291
392 6 281
393 7 278
394 7 272
395 7 267
396 8 258
397 9 257
398 9 253
399 7 246
400 6 241
401 5 238
402 6 235
403 7 229
404 7 226
405 8 222
406 9 219
407 9 215
408 10 212
409 12 207
410 13 203
411 14 199
412 15 195
413 16 190
414 17 186
415 18 182
416 20 180
417 20 179
418 22 172
419 23 172
420 24 168
421 23 170
422 23 163
423 26 160
424 26 158
425 25 155
426 26 151
427 29 147
428 29 142
429 30 139
430 30 135
431 32 131
432 33 128
433 35 125
434 37 124
435 39 121
436 41 119
437 42 117
438 45 115
439 49 116
440 46 112
441 47 110
442 48 107
443 51 102
444 54 100
445 56 97
446 57 97
447 59 95
448 66 94
449 70 93
450 72 92
451 76 92
452 82 88
453 82 90
454 87 89
455 88 89
456 92 89
457 97 87
458 102 87
459 108 84
460 113 82
461 114 82
462 121 80
463 123 79
464 129 78
465 131 76
466 139 78
467 141 79
468 145 79
469 139 80
470 143 77
471 150 77
472 162 79
473 167 78
474 172 77
475 176 77
476 188 78
477 198 80
478 208 78
479 218 81
480 217 79
481 222 82
482 239 80
483 244 82
484 252 80
485 259 77
486 270 80
487 280 81
488 291 84
489 298 86
490 313 89
491 314 89
492 316 88
493 335 86
494 342 81
495 353 78
496 372 81
497 387 82
498 399 84
499 410 84
500 427 86
501 447 88
502 459 87
503 463 92
504 474 97
505 489 101
506 505 104
507 523 108
508 544 113
509 567 114
510 573 122
511 594 131
512 611 141
513 613 148
514 636 157
515 649 166
516 667 167
517 678 172
518 688 180
519 696 187
520 718 190
521 724 197
522 718 207
523 725 216
524 722 230
525 721 236
526 750 249
527 733 261
528 726 285
529 713 295
530 706 296
531 699 312
532 706 323
533 721 332
534 724 338
535 728 348
536 738 354
537 732 360
538 741 371
539 732 376
540 730 385
541 715 396
542 690 409
543 668 419
544 658 429
545 646 442
546 641 446
547 624 461
548 593 482
549 577 494
550 564 500
551 538 507
552 519 517
553 505 517
554 494 517
555 485 518
556 477 524
557 444 532
558 423 537
559 412 534
560 402 536
561 404 526
562 394 517
563 382 515
564 379 516
565 378 504
566 382 505
567 366 507
568 350 513
569 360 510
570 354 509
571 361 509
572 343 512
573 352 509
574 334 513
575 337 506
576 329 512
577 315 517
578 309 507
579 306 504
580 303 506
581 301 502
582 299 500
583 288 500
584 278 507
585 262 506
586 256 503
587 243 500
588 226 494
589 215 502
590 202 503
591 192 504
592 186 501
593 183 493
594 184 485
595 176 476
596 160 465
597 145 462
598 142 457
599 137 453
600 117 452
601 116 452
602 107 452
603 96 451
604 97 447
605 96 442
606 93 436
607 81 430
608 76 423
609 79 412
610 71 401
611 64 397
612 61 394
613 59 391
614 56 387
615 56 383
616 50 376
617 47 365
618 41 360
619 42 360
620 41 354
621 43 349
622 46 341
623 43 338
624 42 334
625 41 329
626 38 324
627 37 324
628 38 318
629 38 313
630 36 308
631 38 302
632 38 293
633 40 288
634 38 285
635 34 282
636 35 280
637 38 275
638 38 268
639 37 262
640 42 256
641 41 248
642 42 245
643 38 244
644 36 242
645 34 239
646 34 236
647 32 235
648 31 233
649 29 229
650 31 223
651 30 223
652 30 222
653 30 218
654 32 216
655 33 210
656 34 206
657 38 205
658 40 196
659 44 190
660 45 186
661 48 182
662 51 180
663 52 179
664 51 174
665 57 170
666 61 166
667 64 165
668 65 160
669 63 159
670 71 155
671 72 151
672 73 148
673 77 146
674 81 147
675 81 145
676 82 146
677 83 146
678 84 143
679 87 140
680 86 139
681 92 141
682 96 141
683 102 140
684 104 136
685 99 135
686 105 137
687 111 137
688 111 133
689 119 134
690 121 134
691 123 133
692 129 128
693 131 126
694 134 123
695 140 121
696 145 117
697 152 116
698 163 111
699 165 107
700 165 112
701 162 111
702 167 111
703 179 113
704 192 113
705 196 114
706 206 117
707 216 123
708 229 123
709 240 121
710 255 122
711 260 122
712 278 125
713 294 124
714 312 125
715 325 126
716 333 125
717 332 129
718 338 131
719 334 135
720 329 138
721 319 140
722 314 144
723 311 147
724 302 152
725 305 159
726 301 165
727 297 169
728 287 173
729 287 177
730 292 184
731 296 187
732 301 191
733 291 195
734 286 197
735 279 197
736 277 198
737 283 198
738 289 194
739 298 192
740 297 195
741 291 195
742 283 194
743 292 195
744 292 193
745 297 192
746 295 195
747 297 199
748 315 204
749 316 205
750 325 204
751 333 203
752 344 199
753 352 199
754 360 201
755 358 205
756 366 211
757 378 209
758 380 208
759 380 206
760 371 209
761 379 213
762 383 213
763 388 218
764 391 220
765 398 229
766 401 228
767 399 232
768 402 236
769 415 235
770 419 237
771 419 240
772 418 246
773 416 249
774 429 254
775 429 252
776 421 256
777 435 258
778 435 258
779 437 261
780 440 269
781 444 265
782 450 269
783 463 277
784 463 279
785 445 283
786 456 285
787 446 284
788 450 280
789 446 283
790 440 289
791 463 293
792 456 296
793 446 297
794 445 291
795 451 296
796 464 300
797 462 296
798 474 295
799 483 298
800 506 300
801 505 299
802 511 299
803 517 306
804 514 307
805 514 307
806 513 307
807 520 314
808 516 317
809 510 316
810 508 321
811 512 325
812 513 331
813 514 339
814 518 346
815 528 346
816 536 345
817 546 344
818 552 351
819 549 354
820 562 361
821 552 364
822 559 374
823 555 379
824 566 383
825 558 391
826 556 400
827 533 406
828 507 423
829 486 436
830 461 440
831 437 444
832 392 451
833 366 447
834 351 452
835 329 457
836 305 466
837 279 463
838 253 464
839 241 465
840 221 466
841 212 473
842 202 472
843 198 474
844 186 475
845 180 475
846 172 473
847 166 467
848 159 463
849 161 457
850 151 450
851 146 439
852 139 436
853 130 432
854 127 428
855 123 422
856 119 421
857 110 425
858 111 420
859 101 414
860 103 407
861 94 394
862 86 391
863 83 384
864 77 383
865 79 383
866 75 368
867 65 365
868 66 358
869 68 354
870 72 353
871 71 349
872 71 344
873 69 336
874 70 334
875 71 329
876 71 322
877 70 314
878 70 309
879 76 308
880 82 300
881 81 296
882 87 291
883 87 286
884 83 282
885 87 281
886 83 277
887 85 269
888 84 263
889 85 261
890 87 255
891 90 254
892 87 249
893 84 243
894 86 238
895 83 235
896 82 237
897 85 233
898 93 235
899 95 233
900 93 230
901 89 224
902 90 221
903 92 212
904 91 207
905 94 203
906 92 199
907 96 193
908 95 194
909 97 192
910 102 186
911 109 184
912 110 178
913 114 169
914 119 168
915 122 166
916 129 161
917 138 160
918 146 158
919 147 155
920 148 154
921 151 151
922 152 152
923 160 153
924 161 153
925 166 153
926 182 153
927 174 154
928 179 156
929 179 156
930 187 157
931 185 159
932 191 160
933 195 158
934 198 161
935 192 163
936 201 164
937 199 160
938 204 159
939 204 159
940 203 157
941 207 154
942 214 154
943 221 157
944 223 156
945 222 151
946 229 151
947 237 149
948 253 149
949 265 146
950 268 144
951 280 144
952 293 146
953 301 147
954 306 151
955 314 150
956 324 151
957 326 152
958 340 149
959 351 156
960 363 159
961 387 160
962 406 166
963 407 167
964 416 175
965 420 177
966 415 184
967 408 188
968 415 191
969 418 197
970 431 203
971 432 198
972 429 198
973 417 205
974 429 209
975 435 213
976 432 221
977 430 222
978 425 227
979 423 234
980 424 237
981 431 238
982 442 243
983 435 246
984 417 250
985 430 248
986 437 247
987 452 246
988 448 249
989 460 249
990 460 250
991 475 252
992 481 254
993 497 254
994 509 257
995 500 262
996 497 269
997 496 272
998 500 278
999 490 292
1000 478 297
1001 477 297
1002 473 298
1003 472 295
1004 489 302
1005 496 304
1006 509 303
1007 513 307
1008 519 309
1009 533 315
1010 530 324
1011 533 323
1012 530 329
1013 532 337
1014 537 339
1015 540 337
1016 543 345
1017 541 347
1018 529 355
1019 534 358
1020 525 363
1021 519 363
1022 524 367
1023 508 376
1024 504 380
1025 477 381
1026 462 393
1027 449 403
1028 445 405
1029 434 404
1030 422 414
1031 407 415
1032 388 422
1033 385 422
1034 361 421
1035 351 422
1036 344 424
1037 319 424
1038 296 430
1039 274 431
1040 260 429
1041 251 430
1042 245 428
1043 238 426
1044 230 425
1045 219 432
1046 202 430
1047 195 432
1048 191 427
1049 183 428
1050 173 428
1051 161 419
1052 161 420
1053 153 416
1054 144 408
1055 131 402
1056 121 399
1057 110 394
1058 106 392
1059 101 389
1060 102 385
1061 94 379
1062 93 372
1063 97 365
1064 88 363
1065 84 361
1066 86 359
1067 86 353
1068 82 347
1069 82 343
1070 86 341
1071 84 338
1072 81 329
1073 75 330
1074 75 328
1075 75 323
1076 74 317
1077 78 311
1078 77 302
1079 81 295
1080 84 292
1081 87 287
1082 84 283
1083 83 280
1084 83 276
1085 87 274
1086 86 267
1087 86 266
1088 79 259
1089 78 254
1090 74 247
1091 75 242
1092 77 241
1093 82 239
1094 80 233
1095 81 231
1096 82 228
1097 74 225
1098 77 218
1099 77 213
1100 78 211
1101 80 211
1102 86 210
1103 89 210
1104 90 207
1105 88 206
1106 92 205
1107 92 203
1108 96 202
1109 96 203
1110 94 202
1111 93 202
1112 97 196
1113 98 191
1114 99 187
1115 101 185
1116 101 183
1117 100 180
1118 98 178
1119 100 177
1120 103 173
1121 100 170
1122 99 166
1123 106 166
1124 111 165
1125 118 168
1126 124 167
1127 126 165
1128 125 162
1129 127 159
1130 126 161
1131 130 161
1132 130 161
1133 129 164
1134 138 169
1135 135 174
1136 128 174
1137 135 173
1138 135 172
1139 143 174
1140 153 173
1141 160 180
1142 157 185
1143 157 184
1144 150 186
1145 148 181
1146 139 179
1147 143 178
1148 140 174
1149 140 168
1150 147 167
1151 150 164
1152 150 162
1153 153 164
1154 156 166
1155 154 169
1156 157 169
1157 157 171
1158 158 168
1159 154 170
1160 156 169
1161 157 169
1162 154 170
1163 154 172
1164 151 171
1165 155 173
1166 156 167
1167 163 166
1168 172 165
1169 172 166
1170 174 165
1171 183 164
1172 188 165
1173 188 163
1174 192 163
1175 201 162
1176 203 163
1177 210 165
1178 211 165
1179 215 165
1180 213 166
1181 222 167
1182 228 166
1183 236 169
1184 239 171
1185 241 175
1186 253 173
1187 252 179
1188 256 180
1189 258 178
1190 249 180
1191 260 183
1192 262 183
1193 274 185
1194 282 182
1195 294 183
1196 297 183
1197 305 183
1198 317 181
1199 332 183
1200 335 188
1201 335 185
1202 364 188
1203 373 182
1204 392 184
1205 400 189
1206 403 193
1207 410 191
1208 426 191
1209 422 195
1210 425 197
1211 436 200
1212 447 204
1213 472 207
1214 480 210
1215 478 217
1216 484 223
1217 479 229
1218 484 234
1219 487 236
1220 487 238
1221 499 236
1222 502 247
1223 507 246
1224 525 246
1225 541 250
1226 558 249
1227 580 252
1228 598 252
1229 608 262
1230 617 266
1231 624 265
1232 624 273
1233 629 275
1234 634 283
1235 649 290
1236 661 296
1237 668 308
1238 660 318
1239 662 325
1240 667 331
1241 671 344
1242 691 350
1243 688 366
1244 687 368
1245 691 373
1246 682 383
1247 660 392
1248 647 398
1249 625 411
1250 596 426
1251 587 427
1252 570 443
1253 526 454
1254 485 468
1255 472 485
1256 423 494
1257 370 505
1258 342 509
1259 318 513
1260 302 518
1261 272 524
1262 245 524
1263 225 522
1264 218 516
1265 202 512
1266 189 503
1267 185 510
1268 169 514
1269 167 503
1270 154 494
1271 159 484
1272 153 474
1273 148 469
1274 144 471
1275 137 463
1276 134 458
1277 134 455
1278 136 449
1279 137 446
1280 137 436
1281 135 427
1282 136 424
1283 129 417
1284 128 410
1285 124 404
1286 123 398
1287 122 394
1288 122 390
1289 117 387
1290 121 384
1291 122 381
1292 121 378
1293 110 375
1294 114 373
1295 107 364
1296 113 357
1297 115 353
1298 118 349
1299 116 342
1300 118 339
1301 119 333
1302 119 333
1303 119 331
1304 114 333
1305 112 327
1306 110 319
1307 107 315
1308 109 310
1309 112 305
1310 114 299
1311 112 295
1312 113 289
1313 114 283
1314 115 275
1315 112 275
1316 110 270
1317 114 262
1318 114 262
1319 111 260
1320 114 259
1321 110 251
1322 108 250
1323 102 245
1324 102 246
1325 103 244
1326 103 238
1327 101 235
1328 108 229
1329 106 225
1330 110 217
1331 116 216
1332 119 211
1333 120 210
1334 123 207
1335 129 203
1336 134 201
1337 142 197
1338 142 197
1339 143 196
1340 138 198
1341 146 192
1342 149 192
1343 155 189
1344 160 188
1345 159 191
1346 160 195
1347 164 196
1348 170 196
1349 170 191
1350 172 189
1351 173 184
1352 176 185
1353 184 182
1354 190 180
1355 192 175
1356 197 177
1357 202 180
1358 207 173
1359 216 173
1360 225 172
1361 234 176
1362 233 178
1363 232 179
1364 234 177
1365 240 184
1366 241 188
1367 242 191
1368 241 188
1369 253 188
1370 259 192
1371 254 195
1372 256 193
1373 257 194
1374 268 201
1375 272 200
1376 277 204
1377 274 209
1378 269 210
1379 266 212
1380 270 212
1381 265 217
1382 273 216
1383 264 214
1384 266 215
1385 257 213
1386 252 214
1387 247 221
1388 242 220
1389 236 222
1390 232 226
1391 219 221
1392 212 219
1393 213 216
1394 221 214
1395 227 211
1396 224 215
1397 217 219
1398 219 219
1399 217 219
1400 213 219
1401 208 222
1402 210 218
1403 209 216
1404 212 213
1405 221 210
1406 213 213
1407 212 211
1408 221 207
1409 219 207
1410 225 207
1411 228 203
1412 228 206
1413 234 204
1414 234 205
1415 238 204
1416 243 206
1417 238 212
1418 242 212
1419 250 215
1420 263 213
1421 256 217
1422 263 214
1423 267 212
1424 268 211
1425 274 209
1426 282 205
1427 288 207
1428 302 202
1429 318 204
1430 331 202
1431 344 200
1432 352 199
1433 346 201
1434 356 202
1435 364 203
1436 383 205
1437 394 210
1438 406 213
1439 413 216
1440 433 219
1441 436 223
1442 447 227
1443 450 229
1444 473 231
1445 494 236
1446 507 245
1447 501 249
1448 503 252
1449 512 255
1450 527 258
1451 528 261
1452 515 276
1453 512 286
1454 512 291
1455 513 302
1456 531 306
1457 521 311
1458 507 319
1459 504 325
1460 488 337
1461 504 342
1462 503 354
1463 489 361
1464 462 373
1465 453 371
1466 423 372
1467 403 384
1468 395 389
1469 383 394
1470 372 396
1471 358 397
1472 338 399
1473 319 403
1474 313 410
1475 305 411
1476 277 424
1477 272 422
1478 261 423
1479 250 421
1480 245 418
1481 240 417
1482 238 410
1483 228 408
1484 223 400
1485 218 396
1486 216 396
1487 222 396
1488 218 400
1489 214 398
1490 201 395
1491 196 385
1492 195 380
1493 191 371
1494 187 368
1495 194 363
1496 190 359
1497 189 350
1498 197 345
1499 202 345
1500 205 342
1501 201 340
1502 197 336
1503 192 333
1504 191 333
1505 192 322
1506 180 319
1507 181 314
1508 177 311
1509 182 306
1510 177 300
1511 180 301
1512 172 295
1513 171 292
1514 169 292
1515 170 287
1516 168 289
1517 164 284
1518 161 283
1519 157 281
1520 157 278
1521 154 276
1522 159 273
1523 157 270
1524 153 269
1525 155 266
1526 142 264
1527 148 260
1528 149 253
1529 153 248
1530 154 240
1531 155 238
1532 154 235
1533 152 238
1534 148 237
1535 151 235
1536 157 231
1537 152 229
1538 155 225
1539 159 222
1540 158 219
1541 162 217
1542 166 218
1543 172 216
1544 177 212
1545 179 210
1546 188 205
1547 185 204
1548 192 206
1549 204 205
1550 214 203
1551 219 199
1552 234 199
1553 233 199
1554 243 197
1555 249 199
1556 254 201
1557 263 198
1558 264 196
1559 268 197
1560 273 198
1561 275 199
1562 276 196
1563 289 194
1564 302 193
1565 318 195
1566 324 194
1567 331 198
1568 333 202
1569 332 203
1570 349 203
1571 345 212
1572 352 212
1573 347 215
1574 351 213
1575 356 213
1576 356 218
1577 345 221
1578 346 222
1579 357 228
1580 367 234
1581 355 231
1582 361 237
1583 368 241
1584 358 244
1585 364 245
1586 365 249
1587 365 247
1588 357 259
1589 350 265
1590 341 264
1591 341 270
1592 330 276
1593 331 275
1594 325 279
1595 321 284
1596 323 285
1597 317 289
1598 303 304
1599 303 305
1600 302 315
1601 292 321
1602 288 323
1603 279 327
1604 272 333
1605 261 338
1606 261 338
1607 255 345
1608 262 345
1609 261 344
1610 254 347
1611 246 354
1612 243 355
1613 245 361
1614 231 364
1615 246 363
1616 233 367
1617 230 367
1618 221 364
1619 218 366
1620 205 367
1621 193 362
1622 182 355
1623 179 352
1624 167 339
1625 167 337
1626 160 329
1627 159 326
1628 160 323
1629 153 325
1630 155 323
1631 153 315
1632 149 309
1633 145 303
1634 146 296
1635 150 291
1636 155 289
1637 152 283
1638 154 278
1639 157 274
1640 163 266
1641 163 260
1642 162 254
1643 165 252
1644 172 244
1645 171 243
1646 172 242
1647 172 241
1648 174 241
1649 175 237
1650 186 235
1651 187 236
1652 195 237
1653 193 236
1654 190 237
1655 195 234
1656 204 235
1657 210 235
1658 202 233
1659 203 232
1660 212 230
1661 222 227
1662 219 225
1663 217 225
1664 220 226
1665 214 227
1666 201 228
1667 203 230
1668 202 228
1669 199 228
1670 194 230
1671 193 226
1672 195 228
1673 201 228
1674 204 230
1675 202 233
1676 200 236
1677 201 236
1678 193 238
1679 192 238
1680 194 235
1681 186 240
1682 190 239
1683 187 234
1684 195 228
1685 203 221
1686 198 219
1687 204 217
1688 212 216
1689 212 217
1690 227 215
1691 230 211
1692 231 212
1693 243 213
1694 236 219
1695 231 218
1696 237 216
1697 242 213
1698 244 214
1699 241 216
1700 244 220
1701 242 217
1702 248 212
1703 245 214
1704 258 214
1705 257 216
1706 261 219
1707 273 216
1708 267 215
1709 264 211
1710 274 212
1711 276 217
1712 290 217
1713 295 220
1714 294 220
1715 292 225
1716 301 225
1717 312 230
1718 309 233
1719 309 235
1720 324 235
1721 334 234
1722 335 234
1723 344 239
1724 359 238
1725 365 244
1726 375 247
1727 372 251
1728 382 255
1729 392 257
1730 399 258
1731 393 261
1732 407 264
1733 404 268
1734 390 275
1735 383 275
1736 377 278
1737 372 281
1738 366 282
1739 363 287
1740 359 295
1741 348 302
1742 341 305
1743 329 303
1744 319 310
1745 310 323
1746 307 325
1747 299 325
1748 295 331
1749 291 331
1750 294 330
1751 295 331
1752 302 324
1753 298 325
1754 280 325
1755 272 326
1756 272 329
1757 280 329
1758 283 328
1759 284 327
1760 288 327
1761 282 328
1762 282 331
1763 279 331
1764 276 329
1765 272 330
1766 271 333
1767 269 337
1768 269 339
1769 263 333
1770 260 330
1771 268 327
1772 270 334
1773 273 333
1774 268 333
1775 271 330
1776 266 331
1777 265 332
1778 264 338
1779 262 345
1780 260 343
1781 265 341
1782 261 334
1783 274 334
1784 258 330
1785 240 339
1786 242 339
1787 233 339
1788 226 337
1789 227 334
1790 234 333
1791 237 326
1792 230 324
1793 221 325
1794 224 325
1795 221 320
1796 219 317
1797 215 317
1798 213 312
1799 210 309
1800 202 312
1801 202 306
1802 201 300
1803 200 299
1804 191 298
1805 196 291
1806 191 290
1807 190 295
1808 190 291
1809 187 292
1810 182 288
1811 176 291
1812 177 294
1813 178 294
1814 172 297
1815 165 296
1816 165 295
1817 159 294
1818 159 292
1819 159 290
1820 159 287
1821 164 286
1822 157 286
1823 150 281
1824 152 281
1825 145 280
1826 139 274
1827 133 271
1828 133 271
1829 129 266
1830 129 262
1831 135 259
1832 132 254
1833 123 250
1834 119 246
1835 127 246
1836 125 245
1837 123 244
1838 128 245
1839 128 240
1840 136 234
1841 135 231
1842 133 234
1843 133 231
1844 131 228
1845 129 226
1846 136 221
1847 139 216
1848 142 215
1849 146 212
1850 144 211
1851 146 210
1852 145 208
1853 146 209
1854 150 207
1855 151 203
1856 150 202
1857 153 200
1858 147 193
1859 147 186
1860 151 184
1861 160 181
1862 162 177
1863 165 174
1864 173 171
1865 180 171
1866 188 174
1867 190 174
1868 189 176
1869 182 179
1870 189 177
1871 190 177
1872 200 179
1873 194 180
1874 203 181
1875 203 179
1876 200 182
1877 206 180
1878 211 178
1879 207 177
1880 210 179
1881 220 178
1882 226 180
1883 233 180
1884 231 180
1885 240 176
1886 248 175
1887 266 176
1888 272 173
1889 286 178
1890 298 177
1891 304 177
1892 311 177
1893 322 177
1894 325 181
1895 338 183
1896 345 181
1897 346 177
1898 354 178
1899 362 181
1900 362 188
1901 372 193
1902 385 198
1903 382 201
1904 391 202
1905 392 202
1906 398 200
1907 409 206
1908 419 209
1909 424 219
1910 429 221
1911 431 226
1912 426 235
1913 424 232
1914 438 236
1915 435 234
1916 429 243
1917 414 249
1918 415 249
1919 419 254
1920 420 261
1921 423 266
1922 439 268
1923 440 272
1924 433 273
1925 427 283
1926 431 286
1927 435 292
1928 434 301
1929 444 303
1930 441 320
1931 447 328
1932 441 334
1933 449 340
1934 432 345
1935 423 341
1936 418 352
1937 407 353
1938 401 366
1939 386 368
1940 377 371
1941 363 374
1942 357 375
1943 353 374
1944 353 379
1945 344 379
1946 347 383
1947 336 384
1948 325 385
1949 314 382
1950 309 383
1951 299 390
1952 287 391
1953 279 394
1954 268 402
1955 262 403
1956 244 403
1957 227 396
1958 239 389
1959 230 390
1960 234 390
1961 222 392
1962 219 391
1963 211 390
1964 195 384
1965 189 383
1966 184 376
1967 176 374
1968 165 375
1969 164 374
1970 163 372
1971 160 371
1972 161 368
1973 157 366
1974 155 369
1975 143 367
1976 144 363
1977 143 362
1978 141 352
1979 143 346
1980 146 344
1981 148 340
1982 144 340
1983 153 333
1984 157 327
1985 156 325
1986 155 324
1987 148 322
1988 144 320
1989 145 308
1990 148 310
1991 151 314
1992 157 312
1993 163 311
1994 157 312
1995 157 314
1996 154 312
1997 147 311
1998 145 312
1999 143 308
2000 135 312