0 100 60
1 99 62
2 100 61
3 97 63
4 97 64
5 97 65
6 96 67
7 93 69
8 94 70
9 92 73
10 92 73
11 90 75
12 90 74
13 86 77
14 84 78
15 84 79
16 84 79
17 82 79
18 81 81
19 79 81
20 77 82
21 76 81
22 73 84
23 73 83
24 74 81
25 73 84
26 70 85
27 69 82
28 69 83
29 70 82
30 66 83
31 67 82
32 67 82
33 64 82
34 63 81
35 64 82
36 64 82
37 61 84
38 58 84
39 57 83
40 56 81
41 57 81
42 56 80
43 58 81
44 58 80
45 57 78
46 59 76
47 59 77
48 58 76
49 58 77
50 58 77
51 58 78
52 58 78
53 57 79
54 57 78
55 56 77
56 58 76
57 59 75
58 58 74
59 58 72
60 59 72
61 60 71
62 58 70
63 60 69
64 59 70
65 61 70
66 62 68
67 64 67
68 65 67
69 67 68
70 67 69
71 68 68
72 69 69
73 69 68
74 68 68
75 69 69
76 69 69
77 69 68
78 69 68
79 69 68
80 69 68
81 67 71
82 67 71
83 67 71
84 68 71
85 71 71
86 71 73
87 69 71
88 70 68
89 68 67
90 68 67
91 69 67
92 70 67
93 72 67
94 70 67
95 70 68
96 68 68
97 69 68
98 69 67
99 69 67
100 67 68
101 68 65
102 68 65
103 69 67
104 69 66
105 66 66
106 66 67
107 68 68
108 68 68
109 67 66
110 68 67
111 68 66
112 71 66
113 70 66
114 70 66
115 70 66
116 67 67
117 65 63
118 64 63
119 64 63
120 63 63
121 63 64
122 63 62
123 64 62
124 64 62
125 62 63
126 63 62
127 63 62
128 63 61
129 62 61
130 61 63
131 60 62
132 60 62
133 59 62
134 59 63
135 57 64
136 56 62
137 59 61
138 59 62
139 60 61
140 60 62
141 60 62
142 58 63
143 58 62
144 57 62
145 57 63
146 59 61
147 60 59
148 60 59
149 60 59
150 60 59
151 60 59
152 59 58
153 59 56
154 59 57
155 59 56
156 59 56
157 58 55
158 59 55
159 59 54
160 58 54
161 58 53
162 58 52
163 58 51
164 59 51
165 60 51
166 62 50
167 63 50
168 64 50
169 65 48
170 65 48
171 64 48
172 62 48
173 61 48
174 62 48
175 62 47
176 61 47
177 60 47
178 57 47
179 57 46
180 56 44
181 56 43
182 56 44
183 56 45
184 54 44
185 55 44
186 56 43
187 57 43
188 58 43
189 58 43
190 59 43
191 59 42
192 58 42
193 60 42
194 60 42
195 60 41
196 61 41
197 61 41
198 59 42
199 61 42
200 59 43
201 60 44
202 60 44
203 62 43
204 63 43
205 62 43
206 62 44
207 63 43
208 65 43
209 63 44
210 61 43
211 61 43
212 62 43
213 62 43
214 62 43
215 62 43
216 61 42
217 61 40
218 60 40
219 61 40
220 61 39
221 61 39
222 62 39
223 61 39
224 60 36
225 61 35
226 59 36
227 60 35
228 61 35
229 60 35
230 60 36
231 62 35
232 63 34
233 62 34
234 61 35
235 61 35
236 61 35
237 60 34
238 59 35
239 61 37
240 60 37
241 60 37
242 59 38
243 60 38
244 59 38
245 58 39
246 58 39
247 58 39
248 58 39
249 58 39
250 58 39
251 58 39
252 59 39
253 57 39
254 57 39
255 58 39
256 60 39
257 59 40
258 59 39
259 59 39
260 59 39
261 61 39
262 62 39
263 61 39
264 62 39
265 63 39
266 62 39
267 62 38
268 63 37
269 63 37
270 62 38
271 61 38
272 60 39
273 60 37
274 59 38
275 59 38
276 58 39
277 59 38
278 60 38
279 58 39
280 57 39
281 58 37
282 59 37
283 61 37
284 61 37
285 60 37
286 60 37
287 60 38
288 60 39
289 61 39
290 64 39
291 65 39
292 63 39
293 60 39
294 61 40
295 61 39
296 62 39
297 60 39
298 60 40
299 59 39
300 60 39
301 61 39
302 61 39
303 61 39
304 60 40
305 62 40
306 61 39
307 62 38
308 62 38
309 63 38
310 62 40
311 61 41
312 58 42
313 57 43
314 57 42
315 56 43
316 54 44
317 51 45
318 50 48
319 48 48
320 47 48
321 47 46
322 46 44
323 46 43
324 48 43
325 48 44
326 51 44
327 50 44
328 50 44
329 50 44
330 51 44
331 53 43
332 53 43
333 51 44
334 51 45
335 53 45
336 52 45
337 52 45
338 52 42
339 53 42
340 52 43
341 52 43
342 51 43
343 51 41
344 50 42
345 47 41
346 46 41
347 46 41
348 45 41
349 45 41
350 46 41
351 47 41
352 48 41
353 48 41
354 48 41
355 46 44
356 46 44
357 47 43
358 45 43
359 46 43
360 46 43
361 44 46
362 45 44
363 45 44
364 45 43
365 45 43
366 45 43
367 45 43
368 45 43
369 45 43
370 46 43
371 46 43
372 45 43
373 44 42
374 43 41
375 44 40
376 45 40
377 45 41
378 44 41
379 43 42
380 45 42
381 45 42
382 45 43
383 44 40
384 44 40
385 42 41
386 42 42
387 42 41
388 43 40
389 43 40
390 44 41
391 43 41
392 43 41
393 43 41
394 42 41
395 41 41
396 40 41
397 40 41
398 39 42
399 37 42
400 38 42
401 37 41
402 37 41
403 37 41
404 36 41
405 36 41
406 36 40
407 37 40
408 37 40
409 37 40
410 38 40
411 38 39
412 39 39
413 41 39
414 41 41
415 40 42
416 41 42
417 40 42
418 42 42
419 42 41
420 42 40
421 41 40
422 40 40
423 40 40
424 41 41
425 41 42
426 41 42
427 41 41
428 41 40
429 42 40
430 41 39
431 41 39
432 39 38
433 40 37
434 39 38
435 40 37
436 40 37
437 40 36
438 41 36
439 42 36
440 42 36
441 42 36
442 42 35
443 42 35
444 43 35
445 44 35
446 42 35
447 43 35
448 43 35
449 42 36
450 43 36
451 43 36
452 44 37
453 46 34
454 48 33
455 48 32
456 48 32
457 47 32
458 48 32
459 48 30
460 47 29
461 47 28
462 46 28
463 46 27
464 46 27
465 48 26
466 48 26
467 47 26
468 47 26
469 47 26
470 47 26
471 50 26
472 50 26
473 50 26
474 51 26
475 51 25
476 52 25
477 52 25
478 53 25
479 54 25
480 54 25
481 54 25
482 54 25
483 55 26
484 55 26
485 56 26
486 56 26
487 56 26
488 56 25
489 56 24
490 55 25
491 56 26
492 56 25
493 56 24
494 56 24
495 56 24
496 56 22
497 57 21
498 57 22
499 58 22
500 58 22
501 58 22
502 57 22
503 59 23
504 60 24
505 59 24
506 60 24
507 60 23
508 61 23
509 60 23
510 60 24
511 60 24
512 60 23
513 60 23
514 60 23
515 59 22
516 59 23
517 60 23
518 60 21
519 62 21
520 63 21
521 64 21
522 64 21
523 64 21
524 65 21
525 65 21
526 65 19
527 65 19
528 68 19
529 69 19
530 69 18
531 69 18
532 70 18
533 71 18
534 70 18
535 71 18
536 70 18
537 72 19
538 72 18
539 72 18
540 72 18
541 72 17
542 75 17
543 75 17
544 76 17
545 75 17
546 75 17
547 76 17
548 76 18
549 77 18
550 76 17
551 76 17
552 76 17
553 77 17
554 77 17
555 78 17
556 78 17
557 78 19
558 80 18
559 79 18
560 80 18
561 80 18
562 80 18
563 79 18
564 80 18
565 82 18
566 82 18
567 83 18
568 84 18
569 83 18
570 84 19
571 85 20
572 85 20
573 88 20
574 89 20
575 88 21
576 88 21
577 89 21
578 91 21
579 91 21
580 92 19
581 94 19
582 95 19
583 97 18
584 97 19
585 97 19
586 99 19
587 98 19
588 97 19
589 97 19
590 99 19
591 100 19
592 100 20
593 100 20
594 99 21
595 99 20
596 99 20
597 101 20
598 101 19
599 101 18
600 102 18
601 102 18
602 101 17
603 103 18
604 103 18
605 104 18
606 104 18
607 104 18
608 104 17
609 102 17
610 101 16
611 100 17
612 100 17
613 102 16
614 101 17
615 100 19
616 101 19
617 104 19
618 105 19
619 108 19
620 111 19
621 111 19
622 111 20
623 110 22
624 110 22
625 109 23
626 110 25
627 107 26
628 108 27
629 107 28
630 108 27
631 107 27
632 107 29
633 106 29
634 106 29
635 105 30
636 105 32
637 103 31
638 103 31
639 103 29
640 104 29
641 102 30
642 102 31
643 102 31
644 105 32
645 103 34
646 103 36
647 106 35
648 107 35
649 110 35
650 111 37
651 112 36
652 112 36
653 114 36
654 114 36
655 113 36
656 114 36
657 113 37
658 112 37
659 114 36
660 115 37
661 113 40
662 111 39
663 109 40
664 109 40
665 105 39
666 107 41
667 107 41
668 109 40
669 110 39
670 107 39
671 107 40
672 107 39
673 108 39
674 108 39
675 110 39
676 110 39
677 109 40
678 109 38
679 109 38
680 109 39
681 108 39
682 107 38
683 111 37
684 112 37
685 113 40
686 115 39
687 116 39
688 113 41
689 111 41
690 110 41
691 110 41
692 113 41
693 113 41
694 114 41
695 115 40
696 115 43
697 113 43
698 113 45
699 113 43
700 113 42
701 115 43
702 115 43
703 116 45
704 116 44
705 118 45
706 117 46
707 119 46
708 121 47
709 124 46
710 126 46
711 125 46
712 124 47
713 122 47
714 126 47
715 126 47
716 126 47
717 129 46
718 127 46
719 126 47
720 127 47
721 128 47
722 127 47
723 127 46
724 127 45
725 129 45
726 130 46
727 129 48
728 128 50
729 124 51
730 125 52
731 123 53
732 121 52
733 121 55
734 120 57
735 120 55
736 120 56
737 118 57
738 117 58
739 116 57
740 116 58
741 118 57
742 118 59
743 116 61
744 115 62
745 113 63
746 115 63
747 114 62
748 115 61
749 114 63
750 114 62
751 114 63
752 114 64
753 112 65
754 110 65
755 109 65
756 108 67
757 110 68
758 111 69
759 110 74
760 108 76
761 110 76
762 108 76
763 108 79
764 107 79
765 104 79
766 102 79
767 101 77
768 100 76
769 100 76
770 101 79
771 100 78
772 100 78
773 97 80
774 91 83
775 91 84
776 90 84
777 89 82
778 88 82
779 88 82
780 88 83
781 88 82
782 88 82
783 88 83
784 88 81
785 91 81
786 93 81
787 90 80
788 91 78
789 89 78
790 88 79
791 89 81
792 85 81
793 82 82
794 84 83
795 84 84
796 82 83
797 83 84
798 81 83
799 79 81
800 77 82
801 77 82
802 76 82
803 75 81
804 74 82
805 73 82
806 71 82
807 71 83
808 70 85
809 69 84
810 68 84
811 68 82
812 66 83
813 68 83
814 66 84
815 66 83
816 66 83
817 67 84
818 67 83
819 67 83
820 64 83
821 63 83
822 63 82
823 62 81
824 62 80
825 63 79
826 61 79
827 61 78
828 61 78
829 61 78
830 62 78
831 61 78
832 61 77
833 62 77
834 60 77
835 62 75
836 63 77
837 65 74
838 64 75
839 63 76
840 63 75
841 62 76
842 61 77
843 61 77
844 62 80
845 62 79
846 62 76
847 62 76
848 62 77
849 62 78
850 62 78
851 61 77
852 61 79
853 61 81
854 59 82
855 59 78
856 58 78
857 56 78
858 53 79
859 51 79
860 49 77
861 49 79
862 49 75
863 48 73
864 47 72
865 47 71
866 46 70
867 47 69
868 48 69
869 48 69
870 47 69
871 45 69
872 45 68
873 46 65
874 45 65
875 45 64
876 44 64
877 44 62
878 44 62
879 44 62
880 43 63
881 43 62
882 43 63
883 43 63
884 44 64
885 43 64
886 40 65
887 40 65
888 41 64
889 41 63
890 40 63
891 40 63
892 41 62
893 41 62
894 40 62
895 39 62
896 37 63
897 37 61
898 38 60
899 39 59
900 40 59
901 40 57
902 41 58
903 41 59
904 41 60
905 42 59
906 41 58
907 41 59
908 40 59
909 39 58
910 40 58
911 39 58
912 39 54
913 39 54
914 39 54
915 39 54
916 40 53
917 40 54
918 38 54
919 38 52
920 39 52
921 39 52
922 38 51
923 37 51
924 37 50
925 39 50
926 39 48
927 38 50
928 38 50
929 38 50
930 38 50
931 42 49
932 41 48
933 40 46
934 40 46
935 39 46
936 39 46
937 38 46
938 39 46
939 40 44
940 40 44
941 40 43
942 40 43
943 39 41
944 39 39
945 39 38
946 39 38
947 39 37
948 38 37
949 38 36
950 39 35
951 38 34
952 38 35
953 39 35
954 40 35
955 41 35
956 41 35
957 41 35
958 41 34
959 41 34
960 40 34
961 40 34
962 40 34
963 40 34
964 41 34
965 41 34
966 41 34
967 40 34
968 40 34
969 40 33
970 39 34
971 39 33
972 39 33
973 40 32
974 41 32
975 41 31
976 41 31
977 42 31
978 42 31
979 42 30
980 42 30
981 42 29
982 40 31
983 38 31
984 38 30
985 40 30
986 40 30
987 38 31
988 39 31
989 40 31
990 40 31
991 39 31
992 39 31
993 38 31
994 37 32
995 37 32
996 37 32
997 37 32
998 37 32
999 37 31
1000 37 31
1001 37 32
1002 35 32
1003 35 32
1004 34 32
1005 35 31
1006 35 30
1007 35 30
1008 35 30
1009 35 29
1010 34 29
1011 34 29
1012 35 28
1013 34 29
1014 34 29
1015 33 30
1016 33 30
1017 33 31
1018 34 32
1019 34 32
1020 34 32
1021 34 32
1022 36 33
1023 37 33
1024 36 33
1025 37 32
1026 37 32
1027 37 32
1028 38 32
1029 38 32
1030 39 32
1031 38 33
1032 40 33
1033 40 33
1034 40 35
1035 43 34
1036 44 34
1037 44 33
1038 45 32
1039 44 32
1040 45 32
1041 45 33
1042 45 33
1043 45 33
1044 46 32
1045 46 31
1046 45 31
1047 44 31
1048 44 31
1049 44 33
1050 42 33
1051 40 34
1052 41 33
1053 41 32
1054 41 31
1055 41 31
1056 42 31
1057 41 32
1058 42 32
1059 42 32
1060 43 32
1061 41 32
1062 41 31
1063 40 31
1064 39 30
1065 39 30
1066 39 30
1067 39 29
1068 39 28
1069 39 28
1070 40 28
1071 38 29
1072 40 29
1073 40 29
1074 39 29
1075 38 28
1076 38 28
1077 39 28
1078 39 27
1079 39 26
1080 39 26
1081 38 26
1082 40 26
1083 41 26
1084 40 26
1085 40 25
1086 40 24
1087 39 24
1088 38 24
1089 38 24
1090 38 24
1091 38 23
1092 38 23
1093 38 23
1094 38 23
1095 40 23
1096 38 24
1097 38 24
1098 39 24
1099 39 24
1100 39 23
1101 39 23
1102 40 23
1103 41 23
1104 41 23
1105 41 23
1106 41 23
1107 41 23
1108 40 23
1109 40 23
1110 40 23
1111 40 23
1112 41 23
1113 41 22
1114 42 22
1115 42 22
1116 42 21
1117 43 21
1118 43 21
1119 43 22
1120 43 23
1121 45 23
1122 45 23
1123 46 24
1124 46 23
1125 45 23
1126 44 24
1127 44 24
1128 44 23
1129 42 24
1130 42 24
1131 43 24
1132 44 24
1133 43 24
1134 44 24
1135 44 24
1136 45 24
1137 45 24
1138 45 24
1139 46 25
1140 46 25
1141 46 26
1142 45 26
1143 45 26
1144 45 26
1145 44 26
1146 44 24
1147 45 25
1148 44 25
1149 44 25
1150 42 24
1151 43 24
1152 43 24
1153 43 24
1154 42 24
1155 42 24
1156 44 24
1157 44 21
1158 44 21
1159 43 20
1160 43 20
1161 43 20
1162 43 19
1163 44 19
1164 44 19
1165 42 19
1166 42 19
1167 42 18
1168 42 17
1169 42 15
1170 42 15
1171 44 15
1172 45 15
1173 44 15
1174 44 14
1175 43 14
1176 43 14
1177 43 14
1178 43 14
1179 44 14
1180 46 14
1181 48 15
1182 49 15
1183 49 15
1184 49 15
1185 49 16
1186 49 16
1187 49 15
1188 49 14
1189 48 15
1190 48 15
1191 48 15
1192 48 14
1193 49 14
1194 50 14
1195 51 14
1196 51 14
1197 52 14
1198 52 15
1199 51 17
1200 51 17
1201 52 18
1202 53 18
1203 53 18
1204 53 19
1205 54 19
1206 54 19
1207 54 19
1208 54 19
1209 54 19
1210 55 19
1211 57 19
1212 56 19
1213 56 18
1214 56 17
1215 56 17
1216 56 17
1217 56 17
1218 57 18
1219 57 19
1220 59 19
1221 59 19
1222 60 19
1223 61 19
1224 61 19
1225 61 19
1226 61 20
1227 61 20
1228 59 20
1229 59 19
1230 58 18
1231 57 18
1232 57 15
1233 57 15
1234 56 14
1235 56 14
1236 56 15
1237 56 16
1238 56 16
1239 56 16
1240 54 17
1241 55 17
1242 55 17
1243 55 17
1244 54 18
1245 54 18
1246 54 18
1247 56 18
1248 57 18
1249 57 18
1250 58 18
1251 56 18
1252 56 19
1253 56 19
1254 57 18
1255 56 17
1256 59 17
1257 60 17
1258 61 17
1259 62 17
1260 62 17
1261 64 16
1262 65 16
1263 66 17
1264 66 17
1265 68 17
1266 68 18
1267 69 18
1268 70 18
1269 70 18
1270 69 18
1271 70 18
1272 71 18
1273 73 19
1274 74 20
1275 76 20
1276 77 23
1277 76 23
1278 78 23
1279 77 22
1280 79 22
1281 80 22
1282 79 22
1283 79 22
1284 80 23
1285 81 22
1286 81 22
1287 82 23
1288 82 24
1289 83 24
1290 83 24
1291 83 24
1292 80 24
1293 82 22
1294 81 23
1295 81 23
1296 82 23
1297 82 22
1298 82 22
1299 82 22
1300 82 21
1301 82 21
1302 83 22
1303 83 23
1304 83 22
1305 83 23
1306 83 23
1307 84 24
1308 85 24
1309 86 24
1310 87 24
1311 88 25
1312 88 25
1313 88 25
1314 86 25
1315 88 25
1316 89 26
1317 89 25
1318 89 26
1319 88 26
1320 89 27
1321 89 27
1322 91 27
1323 92 27
1324 93 27
1325 98 27
1326 96 28
1327 97 28
1328 97 28
1329 99 29
1330 97 29
1331 97 30
1332 96 29
1333 95 30
1334 95 29
1335 94 30
1336 94 30
1337 95 30
1338 95 30
1339 96 30
1340 94 30
1341 95 29
1342 96 29
1343 97 31
1344 98 32
1345 98 34
1346 97 33
1347 94 35
1348 93 34
1349 92 34
1350 92 34
1351 92 35
1352 93 35
1353 94 35
1354 96 35
1355 95 35
1356 94 36
1357 95 35
1358 93 35
1359 93 35
1360 93 35
1361 94 35
1362 94 35
1363 95 35
1364 94 35
1365 94 36
1366 94 37
1367 93 37
1368 93 38
1369 93 36
1370 94 36
1371 95 35
1372 96 35
1373 97 35
1374 96 34
1375 97 34
1376 96 34
1377 99 35
1378 98 36
1379 98 35
1380 99 36
1381 99 37
1382 99 38
1383 100 38
1384 101 38
1385 101 39
1386 100 39
1387 101 40
1388 98 40
1389 100 40
1390 100 40
1391 100 40
1392 99 40
1393 100 40
1394 101 40
1395 103 39
1396 106 40
1397 105 39
1398 104 39
1399 105 38
1400 105 38
1401 103 39
1402 103 38
1403 103 39
1404 103 39
1405 104 38
1406 103 37
1407 104 37
1408 104 36
1409 105 36
1410 104 37
1411 103 37
1412 106 37
1413 107 37
1414 109 36
1415 113 36
1416 113 36
1417 114 36
1418 115 36
1419 114 35
1420 115 36
1421 117 36
1422 114 38
1423 117 39
1424 117 38
1425 117 37
1426 115 37
1427 115 37
1428 118 38
1429 116 38
1430 118 40
1431 119 38
1432 120 40
1433 117 42
1434 115 44
1435 115 44
1436 113 45
1437 114 46
1438 115 44
1439 115 45
1440 115 46
1441 114 46
1442 115 47
1443 115 47
1444 113 46
1445 114 47
1446 114 48
1447 117 49
1448 117 50
1449 117 48
1450 118 49
1451 117 50
1452 114 50
1453 114 50
1454 112 52
1455 115 51
1456 114 51
1457 115 52
1458 113 52
1459 114 51
1460 113 51
1461 117 51
1462 116 54
1463 115 54
1464 114 54
1465 114 55
1466 110 56
1467 112 58
1468 112 57
1469 111 59
1470 113 62
1471 111 62
1472 111 62
1473 113 62
1474 111 64
1475 110 64
1476 109 64
1477 108 64
1478 107 68
1479 107 68
1480 102 70
1481 101 70
1482 100 71
1483 98 72
1484 95 71
1485 96 73
1486 96 73
1487 93 77
1488 92 79
1489 92 79
1490 89 82
1491 88 82
1492 84 83
1493 81 86
1494 77 87
1495 75 87
1496 73 84
1497 73 83
1498 74 85
1499 73 86
1500 71 87
1501 70 86
1502 70 84
1503 71 83
1504 70 83
1505 68 84
1506 68 85
1507 68 86
1508 68 87
1509 67 88
1510 65 89
1511 65 89
1512 64 92
1513 61 91
1514 61 90
1515 61 92
1516 60 92
1517 59 92
1518 58 93
1519 61 93
1520 59 96
1521 59 97
1522 59 98
1523 59 98
1524 58 97
1525 58 97
1526 57 98
1527 58 97
1528 56 97
1529 55 96
1530 55 94
1531 54 92
1532 54 92
1533 53 93
1534 54 91
1535 53 88
1536 53 88
1537 52 91
1538 50 92
1539 50 93
1540 50 94
1541 49 92
1542 49 93
1543 49 93
1544 48 94
1545 47 96
1546 47 95
1547 47 94
1548 44 94
1549 44 93
1550 45 92
1551 44 93
1552 43 92
1553 40 92
1554 41 92
1555 42 92
1556 42 92
1557 40 92
1558 37 91
1559 37 90
1560 37 89
1561 36 89
1562 36 89
1563 36 87
1564 36 87
1565 35 85
1566 34 85
1567 32 84
1568 33 85
1569 33 84
1570 33 83
1571 31 83
1572 31 83
1573 31 82
1574 31 82
1575 30 81
1576 30 80
1577 30 80
1578 30 80
1579 30 78
1580 30 77
1581 30 77
1582 30 76
1583 29 76
1584 29 76
1585 29 76
1586 29 76
1587 29 76
1588 28 76
1589 27 75
1590 27 75
1591 29 75
1592 28 76
1593 25 77
1594 25 77
1595 25 78
1596 25 78
1597 25 78
1598 25 77
1599 24 74
1600 24 75
1601 22 75
1602 21 74
1603 20 74
1604 19 73
1605 18 72
1606 19 72
1607 19 72
1608 19 71
1609 19 70
1610 19 69
1611 20 68
1612 20 69
1613 19 67
1614 18 66
1615 18 66
1616 20 66
1617 20 65
1618 20 65
1619 20 65
1620 20 65
1621 20 65
1622 21 64
1623 21 65
1624 21 64
1625 21 64
1626 21 64
1627 20 64
1628 20 64
1629 20 64
1630 20 64
1631 18 65
1632 18 64
1633 20 64
1634 19 63
1635 18 63
1636 18 62
1637 18 61
1638 17 61
1639 17 62
1640 16 62
1641 16 60
1642 16 60
1643 16 60
1644 16 59
1645 16 59
1646 16 58
1647 15 59
1648 13 59
1649 13 58
1650 13 54
1651 13 54
1652 13 54
1653 12 54
1654 12 54
1655 13 53
1656 12 53
1657 12 53
1658 13 53
1659 12 53
1660 11 53
1661 11 53
1662 11 51
1663 12 51
1664 12 51
1665 12 51
1666 12 50
1667 12 50
1668 12 49
1669 12 49
1670 11 50
1671 11 50
1672 11 50
1673 11 49
1674 11 47
1675 9 48
1676 9 48
1677 9 47
1678 9 47
1679 9 47
1680 9 46
1681 9 46
1682 9 45
1683 9 45
1684 9 45
1685 9 45
1686 9 45
1687 9 44
1688 10 44
1689 10 44
1690 10 43
1691 10 43
1692 10 41
1693 10 41
1694 10 41
1695 10 41
1696 10 40
1697 10 39
1698 10 39
1699 10 37
1700 10 36
1701 10 35
1702 10 35
1703 10 34
1704 10 33
1705 10 33
1706 10 33
1707 11 32
1708 11 32
1709 11 30
1710 11 30
1711 11 30
1712 11 30
1713 11 29
1714 12 29
1715 12 28
1716 12 28
1717 12 28
1718 12 28
1719 12 28
1720 13 28
1721 13 27
1722 14 27
1723 14 25
1724 14 25
1725 14 25
1726 14 25
1727 15 25
1728 15 24
1729 15 24
1730 14 23
1731 14 23
1732 15 23
1733 15 23
1734 15 23
1735 15 23
1736 15 23
1737 15 23
1738 15 23
1739 15 23
1740 15 22
1741 15 22
1742 15 22
1743 15 22
1744 16 22
1745 17 21
1746 18 21
1747 18 21
1748 18 21
1749 18 20
1750 18 20
1751 18 20
1752 19 20
1753 19 20
1754 19 20
1755 19 20
1756 21 19
1757 21 19
1758 20 19
1759 20 19
1760 20 19
1761 20 18
1762 20 18
1763 20 17
1764 20 17
1765 20 17
1766 20 16
1767 20 15
1768 20 15
1769 21 15
1770 21 15
1771 21 15
1772 21 15
1773 21 15
1774 21 15
1775 21 15
1776 20 15
1777 20 15
1778 20 13
1779 21 13
1780 21 13
1781 22 13
1782 23 13
1783 23 13
1784 23 12
1785 23 12
1786 23 12
1787 23 13
1788 23 14
1789 23 14
1790 23 14
1791 23 14
1792 23 14
1793 23 15
1794 23 15
1795 23 15
1796 22 15
1797 22 15
1798 22 15
1799 23 15
1800 23 15
1801 23 15
1802 23 14
1803 22 14
1804 22 13
1805 22 13
1806 21 14
1807 21 14
1808 21 14
1809 21 14
1810 22 14
1811 22 14
1812 22 14
1813 22 14
1814 22 14
1815 21 14
1816 21 14
1817 21 13
1818 21 13
1819 22 11
1820 22 11
1821 22 11
1822 22 11
1823 22 10
1824 23 10
1825 23 10
1826 23 10
1827 23 10
1828 23 10
1829 23 11
1830 22 12
1831 22 12
1832 22 12
1833 22 12
1834 22 12
1835 22 11
1836 22 11
1837 22 11
1838 22 9
1839 22 9
1840 22 9
1841 22 9
1842 22 9
1843 22 9
1844 22 9
1845 22 9
1846 22 9
1847 23 9
1848 24 9
1849 24 9
1850 26 9
1851 27 9
1852 27 9
1853 28 9
1854 28 9
1855 28 9
1856 29 9
1857 29 9
1858 29 10
1859 29 10
1860 30 10
1861 30 10
1862 30 10
1863 30 10
1864 30 10
1865 29 10
1866 29 10
1867 29 10
1868 28 12
1869 28 12
1870 28 12
1871 29 12
1872 29 12
1873 29 12
1874 29 12
1875 29 12
1876 29 12
1877 29 12
1878 29 12
1879 29 12
1880 29 12
1881 29 12
1882 29 12
1883 29 13
1884 29 13
1885 28 13
1886 28 13
1887 29 13
1888 28 14
1889 27 12
1890 27 12
1891 27 12
1892 27 11
1893 27 10
1894 27 10
1895 29 10
1896 29 10
1897 29 9
1898 29 9
1899 28 9
1900 28 7
1901 28 7
1902 28 7
1903 28 7
1904 28 7
1905 28 7
1906 28 7
1907 28 7
1908 28 7
1909 28 7
1910 28 7
1911 28 7
1912 29 7
1913 29 7
1914 29 7
1915 30 7
1916 31 7
1917 32 7
1918 32 7
1919 32 7
1920 33 8
1921 33 8
1922 33 8
1923 32 8
1924 34 8
1925 35 8
1926 35 8
1927 35 8
1928 35 8
1929 35 8
1930 35 8
1931 35 8
1932 35 8
1933 35 8
1934 34 8
1935 34 8
1936 34 7
1937 35 7
1938 36 7
1939 37 7
1940 37 7
1941 37 7
1942 37 7
1943 37 7
1944 37 7
1945 38 7
1946 38 6
1947 38 6
1948 39 6
1949 39 7
1950 39 7
1951 40 7
1952 41 7
1953 41 7
1954 41 7
1955 41 7
1956 40 8
1957 41 8
1958 41 8
1959 41 8
1960 41 8
1961 41 8
1962 41 8
1963 41 7
1964 41 7
1965 40 6
1966 40 6
1967 41 6
1968 41 6
1969 44 5
1970 44 5
1971 44 5
1972 45 5
1973 46 5
1974 46 5
1975 46 5
1976 47 5
1977 47 5
1978 48 6
1979 48 6
1980 49 6
1981 49 6
1982 49 6
1983 49 6
1984 51 6
1985 51 6
1986 51 5
1987 51 5
1988 52 5
1989 54 4
1990 54 4
1991 54 4
1992 54 4
1993 56 4
1994 58 4
1995 60 4
1996 60 4
1997 61 4
1998 61 4
1999 61 4
2000 62 4
2001 62 4
2002 62 4
2003 63 4
2004 64 4
2005 64 4
2006 64 4
2007 66 4
2008 67 4
2009 68 4
2010 69 4
2011 70 4
2012 73 4
2013 74 4
2014 74 4
2015 76 4
2016 76 4
2017 80 4
2018 81 4
2019 82 4
2020 82 4
2021 83 4
2022 82 4
2023 82 4
2024 83 4
2025 83 4
2026 85 4
2027 87 4
2028 88 4
2029 89 4
2030 89 4
2031 89 4
2032 90 4
2033 90 4
2034 90 4
2035 90 4
2036 90 4
2037 90 4
2038 90 4
2039 93 4
2040 95 4
2041 98 4
2042 99 4
2043 99 4
2044 100 4
2045 101 4
2046 104 4
2047 105 4
2048 104 4
2049 104 4
2050 104 4
2051 106 4
2052 106 4
2053 107 4
2054 107 4
2055 107 4
2056 110 4
2057 111 4
2058 111 4
2059 114 4
2060 114 4
2061 115 4
2062 115 4
2063 117 4
2064 120 4
2065 120 4
2066 120 4
2067 122 4
2068 123 4
2069 124 4
2070 126 4
2071 126 3
2072 127 4
2073 127 4
2074 128 4
2075 130 4
2076 131 5
2077 132 5
2078 136 6
2079 135 6
2080 138 7
2081 139 7
2082 140 7
2083 140 7
2084 141 7
2085 141 7
2086 142 6
2087 144 6
2088 147 6
2089 148 6
2090 148 7
2091 149 5
2092 151 5
2093 152 5
2094 152 6
2095 153 6
2096 155 6
2097 158 6
2098 159 5
2099 161 5
2100 163 5
2101 165 5
2102 169 5
2103 172 5
2104 174 6
2105 172 6
2106 174 6
2107 177 6
2108 178 6
2109 178 6
2110 179 6
2111 180 6
2112 181 6
2113 182 6
2114 184 6
2115 186 6
2116 186 7
2117 188 7
2118 190 7
2119 193 7
2120 192 8
2121 193 8
2122 194 8
2123 197 8
2124 198 8
2125 198 8
2126 200 8
2127 203 8
2128 204 8
2129 205 8
2130 212 8
2131 215 8
2132 215 8
2133 216 8
2134 216 8
2135 218 8
2136 222 10
2137 226 11
2138 228 12
2139 230 12
2140 232 12
2141 233 13
2142 238 13
2143 237 15
2144 239 15
2145 238 15
2146 239 15
2147 239 15
2148 241 15
2149 242 15
2150 245 15
2151 249 15
2152 249 15
2153 247 15
2154 248 16
2155 251 16
2156 255 18
2157 255 19
2158 256 19
2159 259 21
2160 262 20
2161 265 22
2162 264 22
2163 266 23
2164 266 23
2165 267 24
2166 267 24
2167 268 25
2168 271 25
2169 274 24
2170 277 23
2171 279 23
2172 279 24
2173 280 24
2174 282 24
2175 285 24
2176 289 24
2177 289 23
2178 292 24
2179 290 26
2180 289 30
2181 289 30
2182 291 29
2183 295 29
2184 296 31
2185 301 31
2186 303 32
2187 302 32
2188 303 32
2189 307 32
2190 310 32
2191 315 32
2192 317 33
2193 319 32
2194 320 33
2195 323 31
2196 327 31
2197 331 31
2198 332 31
2199 335 31
2200 337 31
2201 341 34
2202 342 35
2203 344 35
2204 349 37
2205 350 37
2206 352 38
2207 359 40
2208 360 41
2209 361 41
2210 365 42
2211 369 43
2212 369 45
2213 375 47
2214 378 49
2215 381 49
2216 381 51
2217 386 54
2218 387 52
2219 388 52
2220 390 53
2221 389 54
2222 389 56
2223 389 56
2224 391 60
2225 391 60
2226 388 61
2227 390 62
2228 392 63
2229 393 64
2230 393 66
2231 396 68
2232 397 68
2233 397 70
2234 399 70
2235 400 72
2236 406 74
2237 403 75
2238 405 76
2239 404 78
2240 409 79
2241 406 80
2242 405 78
2243 406 80
2244 409 81
2245 409 82
2246 409 84
2247 408 87
2248 406 86
2249 407 89
2250 411 91
2251 413 93
2252 415 91
2253 414 93
2254 416 94
2255 418 95
2256 413 95
2257 411 97
2258 411 99
2259 411 101
2260 411 106
2261 409 107
2262 409 108
2263 404 109
2264 404 108
2265 399 112
2266 395 116
2267 392 117
2268 391 117
2269 388 119
2270 388 121
2271 389 122
2272 386 125
2273 386 125
2274 393 127
2275 391 132
2276 388 139
2277 383 137
2278 380 143
2279 378 147
2280 376 153
2281 373 156
2282 369 160
2283 358 164
2284 350 166
2285 339 166
2286 343 164
2287 340 169
2288 339 174
2289 339 185
2290 332 190
2291 322 198
2292 318 205
2293 306 215
2294 298 217
2295 287 222
2296 280 223
2297 270 233
2298 264 237
2299 254 238
2300 243 242
2301 230 247
2302 214 255
2303 205 261
2304 192 263
2305 183 264
2306 166 265
2307 158 273
2308 151 275
2309 145 282
2310 139 284
2311 135 284
2312 129 284
2313 122 288
2314 113 292
2315 106 295
2316 98 296
2317 90 294
2318 88 295
2319 82 291
2320 76 293
2321 69 292
2322 66 293
2323 63 289
2324 59 293
2325 57 299
2326 52 298
2327 48 295
2328 47 296
2329 43 294
2330 38 295
2331 36 298
2332 34 293
2333 32 293
2334 32 293
2335 29 292
2336 27 285
2337 27 285
2338 26 284
2339 24 283
2340 22 281
2341 21 280
2342 18 278
2343 18 275
2344 18 273
2345 14 270
2346 14 267
2347 13 265
2348 14 264
2349 13 260
2350 12 255
2351 12 255
2352 12 254
2353 11 252
2354 10 250
2355 8 247
2356 8 244
2357 7 241
2358 7 238
2359 7 236
2360 7 232
2361 7 230
2362 7 230
2363 7 225
2364 7 224
2365 7 222
2366 7 219
2367 6 216
2368 7 213
2369 6 212
2370 5 212
2371 5 210
2372 5 209
2373 5 208
2374 5 206
2375 5 205
2376 5 203
2377 5 200
2378 5 198
2379 5 197
2380 5 196
2381 5 195
2382 5 194
2383 4 193
2384 4 193
2385 3 191
2386 3 189
2387 1 186
2388 1 185
2389 1 183
2390 1 183
2391 1 183
2392 1 183
2393 1 183
2394 1 182
2395 1 182
2396 1 179
2397 1 175
2398 1 175
2399 1 172
2400 1 167
2401 1 166
2402 1 165
2403 1 163
2404 1 163
2405 1 162
2406 1 161
2407 1 162
2408 1 161
2409 1 160
2410 1 159
2411 1 158
2412 1 157
2413 1 156
2414 1 155
2415 1 154
2416 1 151
2417 1 148
2418 1 147
2419 1 146
2420 1 143
2421 1 142
2422 1 139
2423 1 138
2424 1 137
2425 1 137
2426 1 136
2427 0 136
2428 0 136
2429 0 135
2430 0 134
2431 0 132
2432 0 132
2433 0 131
2434 0 130
2435 0 130
2436 0 130
2437 0 130
2438 0 128
2439 0 127
2440 0 126
2441 0 125
2442 0 124
2443 0 124
2444 0 123
2445 0 122
2446 0 122
2447 0 121
2448 0 120
2449 0 118
2450 0 117
2451 0 117
2452 0 117
2453 0 117
2454 0 116
2455 0 115
2456 0 114
2457 0 110
2458 0 110
2459 0 108
2460 0 108
2461 0 108
2462 0 107
2463 0 106
2464 0 105
2465 0 105
2466 0 105
2467 0 105
2468 0 103
2469 0 101
2470 0 101
2471 0 100
2472 0 99
2473 0 97
2474 0 96
2475 0 95
2476 0 93
2477 0 88
2478 0 88
2479 0 88
2480 0 88
2481 0 88
2482 0 88
2483 0 86
2484 0 86
2485 0 86
2486 0 86
2487 0 85
2488 0 84
2489 0 84
2490 0 83
2491 0 82
2492 0 80
2493 0 79
2494 0 79
2495 0 78
2496 0 78
2497 0 78
2498 0 77
2499 0 76
2500 0 75
2501 0 75
2502 0 74
2503 0 73
2504 0 73
2505 0 72
2506 0 71
2507 0 70
2508 0 68
2509 0 66
2510 0 65
2511 0 65
2512 0 65
2513 0 62
2514 0 62
2515 0 61
2516 0 58
2517 0 57
2518 0 57
2519 0 57
2520 0 57
2521 0 57
2522 0 57
2523 0 57
2524 0 57
2525 0 57
2526 0 56
2527 0 56
2528 0 55
2529 0 54
2530 0 54
2531 0 53
2532 0 53
2533 0 53
2534 0 51
2535 0 50
2536 0 48
2537 0 48
2538 0 48
2539 0 47
2540 0 47
2541 0 47
2542 0 47
2543 0 47
2544 0 46
2545 0 46
2546 0 46
2547 0 46
2548 0 44
2549 0 43
2550 0 41
2551 0 41
2552 0 41
2553 0 41
2554 0 41
2555 0 41
2556 0 41
2557 0 40
2558 0 40
2559 0 40
2560 0 40
2561 0 40
2562 0 39
2563 0 39
2564 0 39
2565 0 39
2566 0 39
2567 0 39
2568 0 39
2569 0 39
2570 0 39
2571 0 39
2572 0 38
2573 0 38
2574 0 37
2575 0 35
2576 0 33
2577 0 32
2578 0 31
2579 0 30
2580 0 30
2581 0 29
2582 0 29
2583 0 29
2584 0 28
2585 0 27
2586 0 27
2587 0 27
2588 0 26
2589 0 26
2590 0 26
2591 0 26
2592 0 25
2593 0 25
2594 0 24
2595 0 24
2596 0 24
2597 0 23
2598 0 23
2599 0 23
2600 0 23
2601 0 23
2602 0 23
2603 0 23
2604 0 23
2605 0 22
2606 0 21
2607 0 21
2608 0 20
2609 0 20
2610 0 19
2611 0 19
2612 0 18
2613 0 18
2614 0 18
2615 0 18
2616 0 18
2617 0 18
2618 0 18
2619 0 17
2620 0 17
2621 0 16
2622 0 16
2623 0 16
2624 0 16
2625 0 16
2626 0 15
2627 0 15
2628 0 15
2629 0 14
2630 0 14
2631 0 14
2632 0 14
2633 0 13
2634 0 13
2635 0 12
2636 0 12
2637 0 12
2638 0 12
2639 0 12
2640 0 12
2641 0 12
2642 0 12
2643 0 12
2644 0 12
2645 0 12
2646 0 12
2647 0 12
2648 0 12
2649 0 12
2650 0 11
2651 0 11
2652 0 11
2653 0 11
2654 0 11
2655 0 11
2656 0 11
2657 0 11
2658 0 11
2659 0 11
2660 0 11
2661 0 11
2662 0 11
2663 0 10
2664 0 10
2665 0 10
2666 0 9
2667 0 9
2668 0 9
2669 0 9
2670 0 8
2671 0 8
2672 0 8
2673 0 8
2674 0 8
2675 0 8
2676 0 8
2677 0 8
2678 0 8
2679 0 8
2680 0 7
2681 0 7
2682 0 7
2683 0 7
2684 0 7
2685 0 7
2686 0 6
2687 0 6
2688 0 5
2689 0 5
2690 0 5
2691 0 5
2692 0 5
2693 0 5
2694 0 5
2695 0 4
2696 0 4
2697 0 4
2698 0 4
2699 0 4
2700 0 4
2701 0 3
2702 0 3
2703 0 3
2704 0 3
2705 0 3
2706 0 3
2707 0 3
2708 0 3
2709 0 3
2710 0 3
2711 0 3
2712 0 3
2713 0 2
2714 0 2
2715 0 2
2716 0 2
2717 0 2
2718 0 2
2719 0 2
2720 0 2
2721 0 2
2722 0 2
2723 0 2
2724 0 2
2725 0 2
2726 0 2
2727 0 2
2728 0 2
2729 0 2
2730 0 2
2731 0 2
2732 0 2
2733 0 2
2734 0 2
2735 0 2
2736 0 2
2737 0 2
2738 0 2
2739 0 2
2740 0 2
2741 0 2
2742 0 2
2743 0 2
2744 0 2
2745 0 2
2746 0 2
2747 0 2
2748 0 2
2749 0 2
2750 0 2
2751 0 2
2752 0 2
2753 0 2
2754 0 2
2755 0 2
2756 0 2
2757 0 2
2758 0 1
2759 0 1
2760 0 1
2761 0 1
2762 0 1
2763 0 1
2764 0 1
2765 0 1
2766 0 1
2767 0 1
2768 0 1
2769 0 1
2770 0 1
2771 0 1
2772 0 1
2773 0 1
2774 0 1
2775 0 1
2776 0 1
2777 0 1
2778 0 1
2779 0 1
2780 0 1
2781 0 1
2782 0 1
2783 0 1
2784 0 1
2785 0 1
2786 0 1
2787 0 1
2788 0 1
2789 0 1
2790 0 1
2791 0 1
2792 0 1
2793 0 1
2794 0 1
2795 0 1
2796 0 1
2797 0 1
2798 0 1
2799 0 1
2800 0 1
2801 0 1
2802 0 1
2803 0 1
2804 0 1
2805 0 1
2806 0 1
2807 0 1
2808 0 1
2809 0 1
2810 0 1
2811 0 1
2812 0 1
2813 0 1
2814 0 1
2815 0 1
2816 0 1
2817 0 1
2818 0 1
2819 0 1
2820 0 1
2821 0 1
2822 0 1
2823 0 1
2824 0 0
2825 0 0
2826 0 0
2827 0 0
2828 0 0
2829 0 0
2830 0 0
2831 0 0
2832 0 0
2833 0 0
2834 0 0
2835 0 0
2836 0 0
2837 0 0
2838 0 0
2839 0 0
2840 0 0
2841 0 0
2842 0 0
2843 0 0
2844 0 0
2845 0 0
2846 0 0
2847 0 0
2848 0 0
2849 0 0
2850 0 0
2851 0 0
2852 0 0
2853 0 0
2854 0 0
2855 0 0
2856 0 0
2857 0 0
2858 0 0
2859 0 0
2860 0 0
2861 0 0
2862 0 0
2863 0 0
2864 0 0
2865 0 0
2866 0 0
2867 0 0
2868 0 0
2869 0 0
2870 0 0
2871 0 0
2872 0 0
2873 0 0
2874 0 0
2875 0 0
2876 0 0
2877 0 0
2878 0 0
2879 0 0
2880 0 0
2881 0 0
2882 0 0
2883 0 0
2884 0 0
2885 0 0
2886 0 0
2887 0 0
2888 0 0
2889 0 0
2890 0 0
2891 0 0
2892 0 0
2893 0 0
2894 0 0
2895 0 0
2896 0 0
2897 0 0
2898 0 0
2899 0 0
2900 0 0
2901 0 0
2902 0 0
2903 0 0
2904 0 0
2905 0 0
2906 0 0
2907 0 0
2908 0 0
2909 0 0
2910 0 0
2911 0 0
2912 0 0
2913 0 0
2914 0 0
2915 0 0
2916 0 0
2917 0 0
2918 0 0
2919 0 0
2920 0 0
2921 0 0
2922 0 0
2923 0 0
2924 0 0
2925 0 0
2926 0 0
2927 0 0
2928 0 0
2929 0 0
2930 0 0
2931 0 0
2932 0 0
2933 0 0
2934 0 0
2935 0 0
2936 0 0
2937 0 0
2938 0 0
2939 0 0
2940 0 0
2941 0 0
2942 0 0
2943 0 0
2944 0 0
2945 0 0
2946 0 0
2947 0 0
2948 0 0
2949 0 0
2950 0 0
2951 0 0
2952 0 0
2953 0 0
2954 0 0
2955 0 0
2956 0 0
2957 0 0
2958 0 0
2959 0 0
2960 0 0
2961 0 0
2962 0 0
2963 0 0
2964 0 0
2965 0 0
2966 0 0
2967 0 0
2968 0 0
2969 0 0
2970 0 0
2971 0 0
2972 0 0
2973 0 0
2974 0 0
2975 0 0
2976 0 0
2977 0 0
2978 0 0
2979 0 0
2980 0 0
2981 0 0
2982 0 0
2983 0 0
2984 0 0
2985 0 0
2986 0 0
2987 0 0
2988 0 0
2989 0 0
2990 0 0
2991 0 0
2992 0 0
2993 0 0
2994 0 0
2995 0 0
2996 0 0
2997 0 0
2998 0 0
2999 0 0
3000 0 0
3001 0 0
3002 0 0
3003 0 0
3004 0 0
3005 0 0
3006 0 0
3007 0 0
3008 0 0
3009 0 0
3010 0 0
3011 0 0
3012 0 0
3013 0 0
3014 0 0
3015 0 0
3016 0 0
3017 0 0
3018 0 0
3019 0 0
3020 0 0
3021 0 0
3022 0 0
3023 0 0
3024 0 0
3025 0 0
3026 0 0
3027 0 0
3028 0 0
3029 0 0
3030 0 0
3031 0 0
3032 0 0
3033 0 0
3034 0 0
3035 0 0
3036 0 0
3037 0 0
3038 0 0
3039 0 0
3040 0 0
3041 0 0
3042 0 0
3043 0 0
3044 0 0
3045 0 0
3046 0 0
3047 0 0
3048 0 0
3049 0 0
3050 0 0
3051 0 0
3052 0 0
3053 0 0
3054 0 0
3055 0 0
3056 0 0
3057 0 0
3058 0 0
3059 0 0
3060 0 0
3061 0 0
3062 0 0
3063 0 0
3064 0 0
3065 0 0
3066 0 0
3067 0 0
3068 0 0
3069 0 0
3070 0 0
3071 0 0
3072 0 0
3073 0 0
3074 0 0
3075 0 0
3076 0 0
3077 0 0
3078 0 0
3079 0 0
3080 0 0
3081 0 0
3082 0 0
3083 0 0
3084 0 0
3085 0 0
3086 0 0
3087 0 0
3088 0 0
3089 0 0
3090 0 0
3091 0 0
3092 0 0
3093 0 0
3094 0 0
3095 0 0
3096 0 0
3097 0 0
3098 0 0
3099 0 0
3100 0 0
3101 0 0
3102 0 0
3103 0 0
3104 0 0
3105 0 0
3106 0 0
3107 0 0
3108 0 0
3109 0 0
3110 0 0
3111 0 0
3112 0 0
3113 0 0
3114 0 0
3115 0 0
3116 0 0
3117 0 0
3118 0 0
3119 0 0
3120 0 0
3121 0 0
3122 0 0
3123 0 0
3124 0 0
3125 0 0
3126 0 0
3127 0 0
3128 0 0
3129 0 0
3130 0 0
3131 0 0
3132 0 0
3133 0 0
3134 0 0
3135 0 0
3136 0 0
3137 0 0
3138 0 0
3139 0 0
3140 0 0
3141 0 0
3142 0 0
3143 0 0
3144 0 0
3145 0 0
3146 0 0
3147 0 0
3148 0 0
3149 0 0
3150 0 0
3151 0 0
3152 0 0
3153 0 0
3154 0 0
3155 0 0
3156 0 0
3157 0 0
3158 0 0
3159 0 0
3160 0 0
3161 0 0
3162 0 0
3163 0 0
3164 0 0
3165 0 0
3166 0 0
3167 0 0
3168 0 0
3169 0 0
3170 0 0
3171 0 0
3172 0 0
3173 0 0
3174 0 0
3175 0 0
3176 0 0
3177 0 0
3178 0 0
3179 0 0
3180 0 0
3181 0 0
3182 0 0
3183 0 0
3184 0 0
3185 0 0
3186 0 0
3187 0 0
3188 0 0
3189 0 0
3190 0 0
3191 0 0
3192 0 0
3193 0 0
3194 0 0
3195 0 0
3196 0 0
3197 0 0
3198 0 0
3199 0 0
3200 0 0
3201 0 0
3202 0 0
3203 0 0
3204 0 0
3205 0 0
3206 0 0
3207 0 0
3208 0 0
3209 0 0
3210 0 0
3211 0 0
3212 0 0
3213 0 0
3214 0 0
3215 0 0
3216 0 0
3217 0 0
3218 0 0
3219 0 0
3220 0 0
3221 0 0
3222 0 0
3223 0 0
3224 0 0
3225 0 0
3226 0 0
3227 0 0
3228 0 0
3229 0 0
3230 0 0
3231 0 0
3232 0 0
3233 0 0
3234 0 0
3235 0 0
3236 0 0
3237 0 0
3238 0 0
3239 0 0
3240 0 0
3241 0 0
3242 0 0
3243 0 0
3244 0 0
3245 0 0
3246 0 0
3247 0 0
3248 0 0
3249 0 0
3250 0 0
3251 0 0
3252 0 0
3253 0 0
3254 0 0
3255 0 0
3256 0 0
3257 0 0
3258 0 0
3259 0 0
3260 0 0
3261 0 0
3262 0 0
3263 0 0
3264 0 0
3265 0 0
3266 0 0
3267 0 0
3268 0 0
3269 0 0
3270 0 0
3271 0 0
3272 0 0
3273 0 0
3274 0 0
3275 0 0
3276 0 0
3277 0 0
3278 0 0
3279 0 0
3280 0 0
3281 0 0
3282 0 0
3283 0 0
3284 0 0
3285 0 0
3286 0 0
3287 0 0
3288 0 0
3289 0 0
3290 0 0
3291 0 0
3292 0 0
3293 0 0
3294 0 0
3295 0 0
3296 0 0
3297 0 0
3298 0 0
3299 0 0
3300 0 0
3301 0 0
3302 0 0
3303 0 0
3304 0 0
3305 0 0
3306 0 0
3307 0 0
3308 0 0
3309 0 0
3310 0 0
3311 0 0
3312 0 0
3313 0 0
3314 0 0
3315 0 0
3316 0 0
3317 0 0
3318 0 0
3319 0 0
3320 0 0
3321 0 0
3322 0 0
3323 0 0
3324 0 0
3325 0 0
3326 0 0
3327 0 0
3328 0 0
3329 0 0
3330 0 0
3331 0 0
3332 0 0
3333 0 0
3334 0 0
3335 0 0
3336 0 0
3337 0 0
3338 0 0
3339 0 0
3340 0 0
3341 0 0
3342 0 0
3343 0 0
3344 0 0
3345 0 0
3346 0 0
3347 0 0
3348 0 0
3349 0 0
3350 0 0
3351 0 0
3352 0 0
3353 0 0
3354 0 0
3355 0 0
3356 0 0
3357 0 0
3358 0 0
3359 0 0
3360 0 0
3361 0 0
3362 0 0
3363 0 0
3364 0 0
3365 0 0
3366 0 0
3367 0 0
3368 0 0
3369 0 0
3370 0 0
3371 0 0
3372 0 0
3373 0 0
3374 0 0
3375 0 0
3376 0 0
3377 0 0
3378 0 0
3379 0 0
3380 0 0
3381 0 0
3382 0 0
3383 0 0
3384 0 0
3385 0 0
3386 0 0
3387 0 0
3388 0 0
3389 0 0
3390 0 0
3391 0 0
3392 0 0
3393 0 0
3394 0 0
3395 0 0
3396 0 0
3397 0 0
3398 0 0
3399 0 0
3400 0 0
3401 0 0
3402 0 0
3403 0 0
3404 0 0
3405 0 0
3406 0 0
3407 0 0
3408 0 0
3409 0 0
3410 0 0
3411 0 0
3412 0 0
3413 0 0
3414 0 0
3415 0 0
3416 0 0
3417 0 0
3418 0 0
3419 0 0
3420 0 0
3421 0 0
3422 0 0
3423 0 0
3424 0 0
3425 0 0
3426 0 0
3427 0 0
3428 0 0
3429 0 0
3430 0 0
3431 0 0
3432 0 0
3433 0 0
3434 0 0
3435 0 0
3436 0 0
3437 0 0
3438 0 0
3439 0 0
3440 0 0
3441 0 0
3442 0 0
3443 0 0
3444 0 0
3445 0 0
3446 0 0
3447 0 0
3448 0 0
3449 0 0
3450 0 0
3451 0 0
3452 0 0
3453 0 0
3454 0 0
3455 0 0
3456 0 0
3457 0 0
3458 0 0
3459 0 0
3460 0 0
3461 0 0
3462 0 0
3463 0 0
3464 0 0
3465 0 0
3466 0 0
3467 0 0
3468 0 0
3469 0 0
3470 0 0
3471 0 0
3472 0 0
3473 0 0
3474 0 0
3475 0 0
3476 0 0
3477 0 0
3478 0 0
3479 0 0
3480 0 0
3481 0 0
3482 0 0
3483 0 0
3484 0 0
3485 0 0
3486 0 0
3487 0 0
3488 0 0
3489 0 0
3490 0 0
3491 0 0
3492 0 0
3493 0 0
3494 0 0
3495 0 0
3496 0 0
3497 0 0
3498 0 0
3499 0 0
3500 0 0
3501 0 0
3502 0 0
3503 0 0
3504 0 0
3505 0 0
3506 0 0
3507 0 0
3508 0 0
3509 0 0
3510 0 0
3511 0 0
3512 0 0
3513 0 0
3514 0 0
3515 0 0
3516 0 0
3517 0 0
3518 0 0
3519 0 0
3520 0 0
3521 0 0
3522 0 0
3523 0 0
3524 0 0
3525 0 0
3526 0 0
3527 0 0
3528 0 0
3529 0 0
3530 0 0
3531 0 0
3532 0 0
3533 0 0
3534 0 0
3535 0 0
3536 0 0
3537 0 0
3538 0 0
3539 0 0
3540 0 0
3541 0 0
3542 0 0
3543 0 0
3544 0 0
3545 0 0
3546 0 0
3547 0 0
3548 0 0
3549 0 0
3550 0 0
3551 0 0
3552 0 0
3553 0 0
3554 0 0
3555 0 0
3556 0 0
3557 0 0
3558 0 0
3559 0 0
3560 0 0
3561 0 0
3562 0 0
3563 0 0
3564 0 0
3565 0 0
3566 0 0
3567 0 0
3568 0 0
3569 0 0
3570 0 0
3571 0 0
3572 0 0
3573 0 0
3574 0 0
3575 0 0
3576 0 0
3577 0 0
3578 0 0
3579 0 0
3580 0 0
3581 0 0
3582 0 0
3583 0 0
3584 0 0
3585 0 0
3586 0 0
3587 0 0
3588 0 0
3589 0 0
3590 0 0
3591 0 0
3592 0 0
3593 0 0
3594 0 0
3595 0 0
3596 0 0
3597 0 0
3598 0 0
3599 0 0
3600 0 0
3601 0 0
3602 0 0
3603 0 0
3604 0 0
3605 0 0
3606 0 0
3607 0 0
3608 0 0
3609 0 0
3610 0 0
3611 0 0
3612 0 0
3613 0 0
3614 0 0
3615 0 0
3616 0 0
3617 0 0
3618 0 0
3619 0 0
3620 0 0
3621 0 0
3622 0 0
3623 0 0
3624 0 0
3625 0 0
3626 0 0
3627 0 0
3628 0 0
3629 0 0
3630 0 0
3631 0 0
3632 0 0
3633 0 0
3634 0 0
3635 0 0
3636 0 0
3637 0 0
3638 0 0
3639 0 0
3640 0 0
3641 0 0
3642 0 0
3643 0 0
3644 0 0
3645 0 0
3646 0 0
3647 0 0
3648 0 0
3649 0 0
3650 0 0
3651 0 0
3652 0 0
3653 0 0
3654 0 0
3655 0 0
3656 0 0
3657 0 0
3658 0 0
3659 0 0
3660 0 0
3661 0 0
3662 0 0
3663 0 0
3664 0 0
3665 0 0
3666 0 0
3667 0 0
3668 0 0
3669 0 0
3670 0 0
3671 0 0
3672 0 0
3673 0 0
3674 0 0
3675 0 0
3676 0 0
3677 0 0
3678 0 0
3679 0 0
3680 0 0
3681 0 0
3682 0 0
3683 0 0
3684 0 0
3685 0 0
3686 0 0
3687 0 0
3688 0 0
3689 0 0
3690 0 0
3691 0 0
3692 0 0
3693 0 0
3694 0 0
3695 0 0
3696 0 0
3697 0 0
3698 0 0
3699 0 0
3700 0 0
3701 0 0
3702 0 0
3703 0 0
3704 0 0
3705 0 0
3706 0 0
3707 0 0
3708 0 0
3709 0 0
3710 0 0
3711 0 0
3712 0 0
3713 0 0
3714 0 0
3715 0 0
3716 0 0
3717 0 0
3718 0 0
3719 0 0
3720 0 0
3721 0 0
3722 0 0
3723 0 0
3724 0 0
3725 0 0
3726 0 0
3727 0 0
3728 0 0
3729 0 0
3730 0 0
3731 0 0
3732 0 0
3733 0 0
3734 0 0
3735 0 0
3736 0 0
3737 0 0
3738 0 0
3739 0 0
3740 0 0
3741 0 0
3742 0 0
3743 0 0
3744 0 0
3745 0 0
3746 0 0
3747 0 0
3748 0 0
3749 0 0
3750 0 0
3751 0 0
3752 0 0
3753 0 0
3754 0 0
3755 0 0
3756 0 0
3757 0 0
3758 0 0
3759 0 0
3760 0 0
3761 0 0
3762 0 0
3763 0 0
3764 0 0
3765 0 0
3766 0 0
3767 0 0
3768 0 0
3769 0 0
3770 0 0
3771 0 0
3772 0 0
3773 0 0
3774 0 0
3775 0 0
3776 0 0
3777 0 0
3778 0 0
3779 0 0
3780 0 0
3781 0 0
3782 0 0
3783 0 0
3784 0 0
3785 0 0
3786 0 0
3787 0 0
3788 0 0
3789 0 0
3790 0 0
3791 0 0
3792 0 0
3793 0 0
3794 0 0
3795 0 0
3796 0 0
3797 0 0
3798 0 0
3799 0 0
3800 0 0
3801 0 0
3802 0 0
3803 0 0
3804 0 0
3805 0 0
3806 0 0
3807 0 0
3808 0 0
3809 0 0
3810 0 0
3811 0 0
3812 0 0
3813 0 0
3814 0 0
3815 0 0
3816 0 0
3817 0 0
3818 0 0
3819 0 0
3820 0 0
3821 0 0
3822 0 0
3823 0 0
3824 0 0
3825 0 0
3826 0 0
3827 0 0
3828 0 0
3829 0 0
3830 0 0
3831 0 0
3832 0 0
3833 0 0
3834 0 0
3835 0 0
3836 0 0
3837 0 0
3838 0 0
3839 0 0
3840 0 0
3841 0 0
3842 0 0
3843 0 0
3844 0 0
3845 0 0
3846 0 0
3847 0 0
3848 0 0
3849 0 0
3850 0 0
3851 0 0
3852 0 0
3853 0 0
3854 0 0
3855 0 0
3856 0 0
3857 0 0
3858 0 0
3859 0 0
3860 0 0
3861 0 0
3862 0 0
3863 0 0
3864 0 0
3865 0 0
3866 0 0
3867 0 0
3868 0 0
3869 0 0
3870 0 0
3871 0 0
3872 0 0
3873 0 0
3874 0 0
3875 0 0
3876 0 0
3877 0 0
3878 0 0
3879 0 0
3880 0 0
3881 0 0
3882 0 0
3883 0 0
3884 0 0
3885 0 0
3886 0 0
3887 0 0
3888 0 0
3889 0 0
3890 0 0
3891 0 0
3892 0 0
3893 0 0
3894 0 0
3895 0 0
3896 0 0
3897 0 0
3898 0 0
3899 0 0
3900 0 0
3901 0 0
3902 0 0
3903 0 0
3904 0 0
3905 0 0
3906 0 0
3907 0 0
3908 0 0
3909 0 0
3910 0 0
3911 0 0
3912 0 0
3913 0 0
3914 0 0
3915 0 0
3916 0 0
3917 0 0
3918 0 0
3919 0 0
3920 0 0
3921 0 0
3922 0 0
3923 0 0
3924 0 0
3925 0 0
3926 0 0
3927 0 0
3928 0 0
3929 0 0
3930 0 0
3931 0 0
3932 0 0
3933 0 0
3934 0 0
3935 0 0
3936 0 0
3937 0 0
3938 0 0
3939 0 0
3940 0 0
3941 0 0
3942 0 0
3943 0 0
3944 0 0
3945 0 0
3946 0 0
3947 0 0
3948 0 0
3949 0 0
3950 0 0
3951 0 0
3952 0 0
3953 0 0
3954 0 0
3955 0 0
3956 0 0
3957 0 0
3958 0 0
3959 0 0
3960 0 0
3961 0 0
3962 0 0
3963 0 0
3964 0 0
3965 0 0
3966 0 0
3967 0 0
3968 0 0
3969 0 0
3970 0 0
3971 0 0
3972 0 0
3973 0 0
3974 0 0
3975 0 0
3976 0 0
3977 0 0
3978 0 0
3979 0 0
3980 0 0
3981 0 0
3982 0 0
3983 0 0
3984 0 0
3985 0 0
3986 0 0
3987 0 0
3988 0 0
3989 0 0
3990 0 0
3991 0 0
3992 0 0
3993 0 0
3994 0 0
3995 0 0
3996 0 0
3997 0 0
3998 0 0
3999 0 0
4000 0 0
4001 0 0
4002 0 0
4003 0 0
4004 0 0
4005 0 0
4006 0 0
4007 0 0
4008 0 0
4009 0 0
4010 0 0
4011 0 0
4012 0 0
4013 0 0
4014 0 0
4015 0 0
4016 0 0
4017 0 0
4018 0 0
4019 0 0
4020 0 0
4021 0 0
4022 0 0
4023 0 0
4024 0 0
4025 0 0
4026 0 0
4027 0 0
4028 0 0
4029 0 0
4030 0 0
4031 0 0
4032 0 0
4033 0 0
4034 0 0
4035 0 0
4036 0 0
4037 0 0
4038 0 0
4039 0 0
4040 0 0
4041 0 0
4042 0 0
4043 0 0
4044 0 0
4045 0 0
4046 0 0
4047 0 0
4048 0 0
4049 0 0
4050 0 0
4051 0 0
4052 0 0
4053 0 0
4054 0 0
4055 0 0
4056 0 0
4057 0 0
4058 0 0
4059 0 0
4060 0 0
4061 0 0
4062 0 0
4063 0 0
4064 0 0
4065 0 0
4066 0 0
4067 0 0
4068 0 0
4069 0 0
4070 0 0
4071 0 0
4072 0 0
4073 0 0
4074 0 0
4075 0 0
4076 0 0
4077 0 0
4078 0 0
4079 0 0
4080 0 0
4081 0 0
4082 0 0
4083 0 0
4084 0 0
4085 0 0
4086 0 0
4087 0 0
4088 0 0
4089 0 0
4090 0 0
4091 0 0
4092 0 0
4093 0 0
4094 0 0
4095 0 0
4096 0 0
4097 0 0
4098 0 0
4099 0 0
4100 0 0
4101 0 0
4102 0 0
4103 0 0
4104 0 0
4105 0 0
4106 0 0
4107 0 0
4108 0 0
4109 0 0
4110 0 0
4111 0 0
4112 0 0
4113 0 0
4114 0 0
4115 0 0
4116 0 0
4117 0 0
4118 0 0
4119 0 0
4120 0 0
4121 0 0
4122 0 0
4123 0 0
4124 0 0
4125 0 0
4126 0 0
4127 0 0
4128 0 0
4129 0 0
4130 0 0
4131 0 0
4132 0 0
4133 0 0
4134 0 0
4135 0 0
4136 0 0
4137 0 0
4138 0 0
4139 0 0
4140 0 0
4141 0 0
4142 0 0
4143 0 0
4144 0 0
4145 0 0
4146 0 0
4147 0 0
4148 0 0
4149 0 0
4150 0 0
4151 0 0
4152 0 0
4153 0 0
4154 0 0
4155 0 0
4156 0 0
4157 0 0
4158 0 0
4159 0 0
4160 0 0
4161 0 0
4162 0 0
4163 0 0
4164 0 0
4165 0 0
4166 0 0
4167 0 0
4168 0 0
4169 0 0
4170 0 0
4171 0 0
4172 0 0
4173 0 0
4174 0 0
4175 0 0
4176 0 0
4177 0 0
4178 0 0
4179 0 0
4180 0 0
4181 0 0
4182 0 0
4183 0 0
4184 0 0
4185 0 0
4186 0 0
4187 0 0
4188 0 0
4189 0 0
4190 0 0
4191 0 0
4192 0 0
4193 0 0
4194 0 0
4195 0 0
4196 0 0
4197 0 0
4198 0 0
4199 0 0
4200 0 0
4201 0 0
4202 0 0
4203 0 0
4204 0 0
4205 0 0
4206 0 0
4207 0 0
4208 0 0
4209 0 0
4210 0 0
4211 0 0
4212 0 0
4213 0 0
4214 0 0
4215 0 0
4216 0 0
4217 0 0
4218 0 0
4219 0 0
4220 0 0
4221 0 0
4222 0 0
4223 0 0
4224 0 0
4225 0 0
4226 0 0
4227 0 0
4228 0 0
4229 0 0
4230 0 0
4231 0 0
4232 0 0
4233 0 0
4234 0 0
4235 0 0
4236 0 0
4237 0 0
4238 0 0
4239 0 0
4240 0 0
4241 0 0
4242 0 0
4243 0 0
4244 0 0
4245 0 0
4246 0 0
4247 0 0
4248 0 0
4249 0 0
4250 0 0
4251 0 0
4252 0 0
4253 0 0
4254 0 0
4255 0 0
4256 0 0
4257 0 0
4258 0 0
4259 0 0
4260 0 0
4261 0 0
4262 0 0
4263 0 0
4264 0 0
4265 0 0
4266 0 0
4267 0 0
4268 0 0
4269 0 0
4270 0 0
4271 0 0
4272 0 0
4273 0 0
4274 0 0
4275 0 0
4276 0 0
4277 0 0
4278 0 0
4279 0 0
4280 0 0
4281 0 0
4282 0 0
4283 0 0
4284 0 0
4285 0 0
4286 0 0
4287 0 0
4288 0 0
4289 0 0
4290 0 0
4291 0 0
4292 0 0
4293 0 0
4294 0 0
4295 0 0
4296 0 0
4297 0 0
4298 0 0
4299 0 0
4300 0 0
4301 0 0
4302 0 0
4303 0 0
4304 0 0
4305 0 0
4306 0 0
4307 0 0
4308 0 0
4309 0 0
4310 0 0
4311 0 0
4312 0 0
4313 0 0
4314 0 0
4315 0 0
4316 0 0
4317 0 0
4318 0 0
4319 0 0
4320 0 0
4321 0 0
4322 0 0
4323 0 0
4324 0 0
4325 0 0
4326 0 0
4327 0 0
4328 0 0
4329 0 0
4330 0 0
4331 0 0
4332 0 0
4333 0 0
4334 0 0
4335 0 0
4336 0 0
4337 0 0
4338 0 0
4339 0 0
4340 0 0
4341 0 0
4342 0 0
4343 0 0
4344 0 0
4345 0 0
4346 0 0
4347 0 0
4348 0 0
4349 0 0
4350 0 0
4351 0 0
4352 0 0
4353 0 0
4354 0 0
4355 0 0
4356 0 0
4357 0 0
4358 0 0
4359 0 0
4360 0 0
4361 0 0
4362 0 0
4363 0 0
4364 0 0
4365 0 0
4366 0 0
4367 0 0
4368 0 0
4369 0 0
4370 0 0
4371 0 0
4372 0 0
4373 0 0
4374 0 0
4375 0 0
4376 0 0
4377 0 0
4378 0 0
4379 0 0
4380 0 0
4381 0 0
4382 0 0
4383 0 0
4384 0 0
4385 0 0
4386 0 0
4387 0 0
4388 0 0
4389 0 0
4390 0 0
4391 0 0
4392 0 0
4393 0 0
4394 0 0
4395 0 0
4396 0 0
4397 0 0
4398 0 0
4399 0 0
4400 0 0
4401 0 0
4402 0 0
4403 0 0
4404 0 0
4405 0 0
4406 0 0
4407 0 0
4408 0 0
4409 0 0
4410 0 0
4411 0 0
4412 0 0
4413 0 0
4414 0 0
4415 0 0
4416 0 0
4417 0 0
4418 0 0
4419 0 0
4420 0 0
4421 0 0
4422 0 0
4423 0 0
4424 0 0
4425 0 0
4426 0 0
4427 0 0
4428 0 0
4429 0 0
4430 0 0
4431 0 0
4432 0 0
4433 0 0
4434 0 0
4435 0 0
4436 0 0
4437 0 0
4438 0 0
4439 0 0
4440 0 0
4441 0 0
4442 0 0
4443 0 0
4444 0 0
4445 0 0
4446 0 0
4447 0 0
4448 0 0
4449 0 0
4450 0 0
4451 0 0
4452 0 0
4453 0 0
4454 0 0
4455 0 0
4456 0 0
4457 0 0
4458 0 0
4459 0 0
4460 0 0
4461 0 0
4462 0 0
4463 0 0
4464 0 0
4465 0 0
4466 0 0
4467 0 0
4468 0 0
4469 0 0
4470 0 0
4471 0 0
4472 0 0
4473 0 0
4474 0 0
4475 0 0
4476 0 0
4477 0 0
4478 0 0
4479 0 0
4480 0 0
4481 0 0
4482 0 0
4483 0 0
4484 0 0
4485 0 0
4486 0 0
4487 0 0
4488 0 0
4489 0 0
4490 0 0
4491 0 0
4492 0 0
4493 0 0
4494 0 0
4495 0 0
4496 0 0
4497 0 0
4498 0 0
4499 0 0
4500 0 0
4501 0 0
4502 0 0
4503 0 0
4504 0 0
4505 0 0
4506 0 0
4507 0 0
4508 0 0
4509 0 0
4510 0 0
4511 0 0
4512 0 0
4513 0 0
4514 0 0
4515 0 0
4516 0 0
4517 0 0
4518 0 0
4519 0 0
4520 0 0
4521 0 0
4522 0 0
4523 0 0
4524 0 0
4525 0 0
4526 0 0
4527 0 0
4528 0 0
4529 0 0
4530 0 0
4531 0 0
4532 0 0
4533 0 0
4534 0 0
4535 0 0
4536 0 0
4537 0 0
4538 0 0
4539 0 0
4540 0 0
4541 0 0
4542 0 0
4543 0 0
4544 0 0
4545 0 0
4546 0 0
4547 0 0
4548 0 0
4549 0 0
4550 0 0
4551 0 0
4552 0 0
4553 0 0
4554 0 0
4555 0 0
4556 0 0
4557 0 0
4558 0 0
4559 0 0
4560 0 0
4561 0 0
4562 0 0
4563 0 0
4564 0 0
4565 0 0
4566 0 0
4567 0 0
4568 0 0
4569 0 0
4570 0 0
4571 0 0
4572 0 0
4573 0 0
4574 0 0
4575 0 0
4576 0 0
4577 0 0
4578 0 0
4579 0 0
4580 0 0
4581 0 0
4582 0 0
4583 0 0
4584 0 0
4585 0 0
4586 0 0
4587 0 0
4588 0 0
4589 0 0
4590 0 0
4591 0 0
4592 0 0
4593 0 0
4594 0 0
4595 0 0
4596 0 0
4597 0 0
4598 0 0
4599 0 0
4600 0 0
4601 0 0
4602 0 0
4603 0 0
4604 0 0
4605 0 0
4606 0 0
4607 0 0
4608 0 0
4609 0 0
4610 0 0
4611 0 0
4612 0 0
4613 0 0
4614 0 0
4615 0 0
4616 0 0
4617 0 0
4618 0 0
4619 0 0
4620 0 0
4621 0 0
4622 0 0
4623 0 0
4624 0 0
4625 0 0
4626 0 0
4627 0 0
4628 0 0
4629 0 0
4630 0 0
4631 0 0
4632 0 0
4633 0 0
4634 0 0
4635 0 0
4636 0 0
4637 0 0
4638 0 0
4639 0 0
4640 0 0
4641 0 0
4642 0 0
4643 0 0
4644 0 0
4645 0 0
4646 0 0
4647 0 0
4648 0 0
4649 0 0
4650 0 0
4651 0 0
4652 0 0
4653 0 0
4654 0 0
4655 0 0
4656 0 0
4657 0 0
4658 0 0
4659 0 0
4660 0 0
4661 0 0
4662 0 0
4663 0 0
4664 0 0
4665 0 0
4666 0 0
4667 0 0
4668 0 0
4669 0 0
4670 0 0
4671 0 0
4672 0 0
4673 0 0
4674 0 0
4675 0 0
4676 0 0
4677 0 0
4678 0 0
4679 0 0
4680 0 0
4681 0 0
4682 0 0
4683 0 0
4684 0 0
4685 0 0
4686 0 0
4687 0 0
4688 0 0
4689 0 0
4690 0 0
4691 0 0
4692 0 0
4693 0 0
4694 0 0
4695 0 0
4696 0 0
4697 0 0
4698 0 0
4699 0 0
4700 0 0
4701 0 0
4702 0 0
4703 0 0
4704 0 0
4705 0 0
4706 0 0
4707 0 0
4708 0 0
4709 0 0
4710 0 0
4711 0 0
4712 0 0
4713 0 0
4714 0 0
4715 0 0
4716 0 0
4717 0 0
4718 0 0
4719 0 0
4720 0 0
4721 0 0
4722 0 0
4723 0 0
4724 0 0
4725 0 0
4726 0 0
4727 0 0
4728 0 0
4729 0 0
4730 0 0
4731 0 0
4732 0 0
4733 0 0
4734 0 0
4735 0 0
4736 0 0
4737 0 0
4738 0 0
4739 0 0
4740 0 0
4741 0 0
4742 0 0
4743 0 0
4744 0 0
4745 0 0
4746 0 0
4747 0 0
4748 0 0
4749 0 0
4750 0 0
4751 0 0
4752 0 0
4753 0 0
4754 0 0
4755 0 0
4756 0 0
4757 0 0
4758 0 0
4759 0 0
4760 0 0
4761 0 0
4762 0 0
4763 0 0
4764 0 0
4765 0 0
4766 0 0
4767 0 0
4768 0 0
4769 0 0
4770 0 0
4771 0 0
4772 0 0
4773 0 0
4774 0 0
4775 0 0
4776 0 0
4777 0 0
4778 0 0
4779 0 0
4780 0 0
4781 0 0
4782 0 0
4783 0 0
4784 0 0
4785 0 0
4786 0 0
4787 0 0
4788 0 0
4789 0 0
4790 0 0
4791 0 0
4792 0 0
4793 0 0
4794 0 0
4795 0 0
4796 0 0
4797 0 0
4798 0 0
4799 0 0
4800 0 0
4801 0 0
4802 0 0
4803 0 0
4804 0 0
4805 0 0
4806 0 0
4807 0 0
4808 0 0
4809 0 0
4810 0 0
4811 0 0
4812 0 0
4813 0 0
4814 0 0
4815 0 0
4816 0 0
4817 0 0
4818 0 0
4819 0 0
4820 0 0
4821 0 0
4822 0 0
4823 0 0
4824 0 0
4825 0 0
4826 0 0
4827 0 0
4828 0 0
4829 0 0
4830 0 0
4831 0 0
4832 0 0
4833 0 0
4834 0 0
4835 0 0
4836 0 0
4837 0 0
4838 0 0
4839 0 0
4840 0 0
4841 0 0
4842 0 0
4843 0 0
4844 0 0
4845 0 0
4846 0 0
4847 0 0
4848 0 0
4849 0 0
4850 0 0
4851 0 0
4852 0 0
4853 0 0
4854 0 0
4855 0 0
4856 0 0
4857 0 0
4858 0 0
4859 0 0
4860 0 0
4861 0 0
4862 0 0
4863 0 0
4864 0 0
4865 0 0
4866 0 0
4867 0 0
4868 0 0
4869 0 0
4870 0 0
4871 0 0
4872 0 0
4873 0 0
4874 0 0
4875 0 0
4876 0 0
4877 0 0
4878 0 0
4879 0 0
4880 0 0
4881 0 0
4882 0 0
4883 0 0
4884 0 0
4885 0 0
4886 0 0
4887 0 0
4888 0 0
4889 0 0
4890 0 0
4891 0 0
4892 0 0
4893 0 0
4894 0 0
4895 0 0
4896 0 0
4897 0 0
4898 0 0
4899 0 0
4900 0 0
4901 0 0
4902 0 0
4903 0 0
4904 0 0
4905 0 0
4906 0 0
4907 0 0
4908 0 0
4909 0 0
4910 0 0
4911 0 0
4912 0 0
4913 0 0
4914 0 0
4915 0 0
4916 0 0
4917 0 0
4918 0 0
4919 0 0
4920 0 0
4921 0 0
4922 0 0
4923 0 0
4924 0 0
4925 0 0
4926 0 0
4927 0 0
4928 0 0
4929 0 0
4930 0 0
4931 0 0
4932 0 0
4933 0 0
4934 0 0
4935 0 0
4936 0 0
4937 0 0
4938 0 0
4939 0 0
4940 0 0
4941 0 0
4942 0 0
4943 0 0
4944 0 0
4945 0 0
4946 0 0
4947 0 0
4948 0 0
4949 0 0
4950 0 0
4951 0 0
4952 0 0
4953 0 0
4954 0 0
4955 0 0
4956 0 0
4957 0 0
4958 0 0
4959 0 0
4960 0 0
4961 0 0
4962 0 0
4963 0 0
4964 0 0
4965 0 0
4966 0 0
4967 0 0
4968 0 0
4969 0 0
4970 0 0
4971 0 0
4972 0 0
4973 0 0
4974 0 0
4975 0 0
4976 0 0
4977 0 0
4978 0 0
4979 0 0
4980 0 0
4981 0 0
4982 0 0
4983 0 0
4984 0 0
4985 0 0
4986 0 0
4987 0 0
4988 0 0
4989 0 0
4990 0 0
4991 0 0
4992 0 0
4993 0 0
4994 0 0
4995 0 0
4996 0 0
4997 0 0
4998 0 0
4999 0 0
5000 0 0